time,flux
0.0,0.984676560389788
0.013706853426713355,0.9865657558646941
0.02741370685342671,0.9868330492879454
0.041120560280140064,0.985979878820308
0.05482741370685342,0.9882996765395823
0.06853426713356678,0.9877626408450294
0.08224112056028013,0.9876022493400988
0.09594797398699349,0.9886326621627016
0.10965482741370684,0.9902161579050404
0.1233616808404202,0.9914260364936524
0.13706853426713356,0.9920160423659108
0.1507753876938469,0.991840432198263
0.16448224112056026,0.9901459141863109
0.1781890945472736,0.9896542175455726
0.19189594797398699,0.9905329621427681
0.20560280140070034,0.9909645707939305
0.21930965482741369,0.9887981859720576
0.23301650825412704,0.9887094013783907
0.2467233616808404,0.98698525916523
0.26043021510755376,0.9867315850802141
0.2741370685342671,0.9866770846271634
0.28784392196098046,0.9858939992587179
0.3015507753876938,0.985093619727136
0.31525762881440716,0.9858830576273265
0.3289644822411205,0.9854087270784554
0.34267133566783387,0.9856472184481025
0.3563781890945472,0.9857641915616314
0.3700850425212606,0.987329747064999
0.38379189594797397,0.9872280878121128
0.3974987493746873,0.9906653132604771
0.41120560280140067,0.9920577934210805
0.424912456228114,0.9937843978950206
0.43861930965482737,0.9951802786179372
0.4523261630815407,0.9975623373629892
0.46603301650825407,1.000222875186718
0.4797398699349674,1.0026368711371783
0.4934467233616808,1.004684971454756
0.5071535767883941,1.0078194046162743
0.5208604302151075,1.0091164223729794
0.5345672836418208,1.0118305991894634
0.5482741370685342,1.0126324836846
0.5619809904952475,1.0161417551306944
0.5756878439219609,1.0156090666224205
0.5893946973486743,1.0181857255897213
0.6031015507753876,1.019817874241052
0.616808404202101,1.01831303191465
0.6305152576288143,1.01775398653767
0.6442221110555277,1.0178297250864816
0.657928964482241,1.017278526582607
0.6716358179089544,1.015856791734024
0.6853426713356677,1.0167566301927575
0.6990495247623811,1.014684664663154
0.7127563781890944,1.0121015247543803
0.7264632316158078,1.0125531921137794
0.7401700850425212,1.0111647812971036
0.7538769384692345,1.0120135080540877
0.7675837918959479,1.0090384321935726
0.7812906453226612,1.0074170129749476
0.7949974987493746,1.0076676147806656
0.8087043521760879,1.0064699217306687
0.8224112056028013,1.008445569257112
0.8361180590295146,1.0059511843671836
0.849824912456228,1.0053074779401505
0.8635317658829413,1.0068435530540436
0.8772386193096547,1.0072835672982157
0.8909454727363681,1.0089945352586025
0.9046523261630814,1.0085598276082768
0.9183591795897948,1.0088937988157844
0.9320660330165081,1.0082774122134341
0.9457728864432215,1.0079564405349803
0.9594797398699348,1.008415329323919
0.9731865932966483,1.0087180220000247
0.9868934467233615,1.0084500153125517
1.000600300150075,1.008378927586004
1.0143071535767882,1.0077238209087669
1.0280140070035018,1.0069890070127911
1.041720860430215,1.0043048643912587
1.0554277138569284,1.0038288520892231
1.0691345672836416,1.000072615918317
1.0828414207103552,0.9994610895077036
1.0965482741370685,0.9969624839604212
1.1102551275637818,0.995355942699568
1.123961980990495,0.9924121550587179
1.1376688344172086,0.9913929669342021
1.1513756878439219,0.9886230090758154
1.1650825412706352,0.986966303662714
1.1787893946973487,0.9840015949650396
1.192496248124062,0.9818222223556105
1.2062031015507753,0.9809935849352385
1.2199099549774886,0.9814922369981314
1.233616808404202,0.9800011233416418
1.2473236618309154,0.9791797705972255
1.2610305152576287,0.9782308586626632
1.274737368684342,0.9776835892083126
1.2884442221110555,0.9784788371696985
1.3021510755377688,0.9797291874540647
1.315857928964482,0.9800205819138548
1.3295647823911956,0.9808663450052443
1.3432716358179089,0.9835805527569219
1.3569784892446222,0.9841810657561941
1.3706853426713355,0.9865299117548189
1.384392196098049,0.9884090494287586
1.3980990495247623,0.9886855714770203
1.4118059029514756,0.9924468867606285
1.4255127563781889,0.9915355064360019
1.4392196098049024,0.9941103387038651
1.4529264632316157,0.9956946025339557
1.466633316658329,0.9952442515531241
1.4803401700850425,0.9958399834132302
1.4940470235117558,0.9961307761687509
1.507753876938469,0.9981379249965704
1.5214607303651824,0.9962237269182975
1.5351675837918959,0.9973970126148755
1.5488744372186092,0.9971968450296005
1.5625812906453225,0.9975598337815802
1.5762881440720358,0.9947971135146286
1.5899949974987493,0.9957598326961474
1.6037018509254626,0.9973013870343522
1.6174087043521759,0.9961529495668747
1.6311155577788894,0.9959937907060642
1.6448224112056027,0.9963899779576163
1.658529264632316,0.9981611887422261
1.6722361180590293,0.99787249147669
1.6859429714857428,1.0002297047609676
1.699649824912456,0.9999044449401395
1.7133566783391694,1.002717073320367
1.7270635317658827,1.004757897759449
1.7407703851925962,1.005084308815779
1.7544772386193095,1.0077172678323358
1.7681840920460228,1.010220372122577
1.7818909454727363,1.0102594838180523
1.7955977988994496,1.0132120021881292
1.8093046523261629,1.0145277428449442
1.8230115057528762,1.0178508490047253
1.8367183591795897,1.0192466639795004
1.850425212606303,1.0199206822902291
1.8641320660330163,1.0215644308130536
1.8778389194597296,1.0226330446250425
1.891545772886443,1.0226699006424853
1.9052526263131564,1.021568030452169
1.9189594797398697,1.0234105465056789
1.9326663331665832,1.0221248615625997
1.9463731865932965,1.021407889772836
1.9600800400200098,1.0191796041821153
1.973786893446723,1.0173732865706184
1.9874937468734366,1.016122863058363
2.00120060030015,1.013728997806825
2.014907453726863,1.0116513541788124
2.0286143071535765,1.0103931442784913
2.04232116058029,1.00816098480844
2.0560280140070035,1.006090606367231
2.069734867433717,1.0048322168493682
2.08344172086043,1.0020428881366994
2.0971485742871434,1.0025336632189579
2.1108554277138567,1.0000695364581842
2.12456228114057,0.9983875500407811
2.1382691345672833,0.9960754470974564
2.1519759879939966,0.997155637758246
2.1656828414207103,0.9962217887576474
2.1793896948474236,0.9965394241409432
2.193096548274137,0.9960605589426678
2.20680340170085,0.997758827117596
2.2205102551275635,0.9961780351796803
2.234217108554277,0.9966742924269678
2.24792396198099,0.9979263596782592
2.261630815407704,0.9974703239891083
2.275337668834417,0.9973159032906317
2.2890445222611304,0.9976856169701012
2.3027513756878437,0.9973754123097504
2.316458229114557,0.9963347446458967
2.3301650825412703,0.9969866273136446
2.3438719359679836,0.9959320996104762
2.3575787893946973,0.9948124179512867
2.3712856428214106,0.9928931372010845
2.384992496248124,0.9915808580418803
2.3986993496748372,0.9896724164054622
2.4124062031015505,0.9903787881382137
2.426113056528264,0.9881084874507192
2.439819909954977,0.9849810487093023
2.4535267633816904,0.9824445806407379
2.467233616808404,0.983037796539001
2.4809404702351174,0.9817018366089393
2.4946473236618307,0.9802287831298274
2.508354177088544,0.9791530452257708
2.5220610305152573,0.9774871116011133
2.5357678839419706,0.9775074583432778
2.549474737368684,0.9782201112404965
2.5631815907953976,0.978285517599463
2.576888444222111,0.9796308750030785
2.5905952976488242,0.9804818979677022
2.6043021510755375,0.9820389198969064
2.618009004502251,0.9821694426320151
2.631715857928964,0.9852053499788946
2.6454227113556774,0.9875160118208035
2.659129564782391,0.9913543946607253
2.6728364182091044,0.9919112169198135
2.6865432716358177,0.9932889615479205
2.700250125062531,0.9978712900234761
2.7139569784892443,0.9997841005882507
2.7276638319159576,1.0000133121303831
2.741370685342671,1.003172667542586
2.755077538769384,1.0048849202184278
2.768784392196098,1.006964865149993
2.7824912456228112,1.0082541000276293
2.7961980990495245,1.0072108514267575
2.809904952476238,1.0087700063332474
2.823611805902951,1.0100137394998776
2.8373186593296644,1.0080884621291983
2.8510255127563777,1.008483973894684
2.8647323661830915,1.0091636300995785
2.8784392196098048,1.0097825805189944
2.892146073036518,1.0093492756736853
2.9058529264632313,1.0082312320398734
2.9195597798899446,1.0070529049746633
2.933266633316658,1.0064412502105937
2.9469734867433712,1.0071786189803715
2.960680340170085,1.006405975148061
2.9743871935967983,1.0059472430178589
2.9880940470235116,1.0073780314637446
3.001800900450225,1.0086472194543943
3.015507753876938,1.0087857485212786
3.0292146073036514,1.0080600448492667
3.0429214607303647,1.0109574325795303
3.056628314157078,1.0104705751828937
3.0703351675837918,1.0118596759496377
3.084042021010505,1.0134756856181721
3.0977488744372184,1.0141570893907825
3.1114557278639317,1.0146174636246836
3.125162581290645,1.016097426720499
3.1388694347173582,1.0186268923967465
3.1525762881440715,1.0168230140030217
3.1662831415707853,1.0183606852616534
3.1799899949974986,1.0186976321301469
3.193696848424212,1.0194625419598466
3.207403701850925,1.0183095003552294
3.2211105552776385,1.0171689964207662
3.2348174087043517,1.0170490839591715
3.248524262131065,1.0152399400603496
3.262231115557779,1.013408763200548
3.275937968984492,1.0119084899666473
3.2896448224112054,1.009721159336663
3.3033516758379187,1.0061503224824513
3.317058529264632,1.0040131768376932
3.3307653826913453,1.0027950467075886
3.3444722361180586,0.9980993031087423
3.358179089544772,0.9981968995374718
3.3718859429714856,0.9947955357605841
3.385592796398199,0.9900868243947272
3.399299649824912,0.990150478171079
3.4130065032516255,0.9872123127813314
3.4267133566783388,0.9864603420578668
3.440420210105052,0.987595687457306
3.4541270635317654,0.9858854011254131
3.467833916958479,0.9853080154079787
3.4815407703851924,0.9853702709778639
3.4952476238119057,0.9847267618662224
3.508954477238619,0.9863379052742314
3.5226613306653323,0.9857143025255977
3.5363681840920456,0.9870348437886697
3.550075037518759,0.9866469267456973
3.5637818909454726,0.9873392972251211
3.577488744372186,0.9896365389347789
3.591195597798899,0.990558256315952
3.6049024512256125,0.9892678450374652
3.6186093046523258,0.9913839200609503
3.632316158079039,0.9917432511562982
3.6460230115057524,0.9925590075575073
3.659729864932466,0.9920453295108831
3.6734367183591794,0.9904279402721365
3.6871435717858927,0.9899486940707332
3.700850425212606,0.9897268547229519
3.7145572786393193,0.9887976367909586
3.7282641320660326,0.9875497250954164
3.741970985492746,0.9891116846207086
3.755677838919459,0.9874540251933565
3.769384692346173,0.9862742141112806
3.783091545772886,0.9862013483059852
3.7967983991995995,0.9855879479149829
3.810505252626313,0.9840302559016612
3.824212106053026,0.9863475757837626
3.8379189594797394,0.9849843504034772
3.8516258129064527,0.9856440974904352
3.8653326663331664,0.985193727181967
3.8790395197598797,0.9869130244249579
3.892746373186593,0.9874807474216676
3.9064532266133063,0.990609446522235
3.9201600800400196,0.9919324948821522
3.933866933466733,0.9934256949455396
3.947573786893446,0.9974835488341202
3.96128064032016,0.9970937014634401
3.974987493746873,1.0027278606513559
3.9886943471735865,1.0042015466221113
4.0024012006003,1.0062039976187318
4.016108054027013,1.009202713729759
4.029814907453726,1.0112743925000875
4.04352176088044,1.0137689812372126
4.057228614307153,1.0148958886354855
4.070935467733866,1.0165176477796727
4.08464232116058,1.0182889229882355
4.098349174587293,1.0175820789679788
4.112056028014007,1.0199457830836607
4.12576288144072,1.0196412617295962
4.139469734867434,1.019072410907194
4.153176588294147,1.0175925976549303
4.16688344172086,1.018209990982309
4.1805902951475735,1.0169669175658542
4.194297148574287,1.0155661607392499
4.208004002001,1.0143707535938895
4.221710855427713,1.0124659574979222
4.235417708854427,1.0119469763772957
4.24912456228114,1.0120920516610155
4.262831415707853,1.0096863737205195
4.276538269134567,1.0080893585679316
4.29024512256128,1.0080836757133176
4.303951975987993,1.005337169224994
4.317658829414707,1.006300300024704
4.331365682841421,1.007960897578426
4.345072536268134,1.0059761576365198
4.358779389694847,1.0067767272701273
4.3724862431215605,1.0061910184623444
4.386193096548274,1.0064283237398328
4.399899949974987,1.0086247085388451
4.4136068034017,1.0086074176136937
4.427313656828414,1.0079458457040993
4.441020510255127,1.0092669724344647
4.45472736368184,1.008965297915521
4.468434217108554,1.0084095484198505
4.482141070535267,1.0095657536689262
4.49584792396198,1.0078698573045808
4.5095547773886935,1.00884342425629
4.523261630815408,1.0080446810325303
4.536968484242121,1.0057389067700662
4.550675337668834,1.003723807477392
4.5643821910955475,1.0022335337743904
4.578089044522261,1.0005155697277628
4.591795897948974,0.9982661205874678
4.605502751375687,0.9979582665915928
4.619209604802401,0.9953944848339604
4.632916458229114,0.9919078627870617
4.646623311655827,0.9902539849764779
4.660330165082541,0.9869648792222889
4.674037018509254,0.9844004952078077
4.687743871935967,0.9857139148158518
4.7014507253626805,0.9810582207104985
4.715157578789395,0.9807040366974844
4.728864432216108,0.9799893482526464
4.742571285642821,0.9781644427969574
4.756278139069535,0.9775981764024007
4.769984992496248,0.9777517723638927
4.783691845922961,0.978502800550685
4.7973986993496744,0.9805036534006837
4.811105552776388,0.9785163900851032
4.824812406203101,0.9807731881640784
4.838519259629814,0.9816766122391427
4.852226113056528,0.9833777173209788
4.865932966483241,0.9852433074403305
4.879639819909954,0.9869851640364427
4.8933466733366675,0.9888063501613529
4.907053526763381,0.9899048223168103
4.920760380190095,0.9910045289237879
4.934467233616808,0.9929228159565517
4.948174087043522,0.9955450116930721
4.961880940470235,0.9948449924277859
4.975587793896948,0.996889813791054
4.9892946473236615,0.9966596508021732
5.003001500750375,0.9969809164584662
5.016708354177088,0.9984387022515827
5.030415207603801,0.9978189733968151
5.044122061030515,0.9979820897892323
5.057828914457228,0.9952831823392613
5.071535767883941,0.9980187787836086
5.0852426213106545,0.9966669490968908
5.098949474737368,0.9970702833924716
5.112656328164081,0.9955023099259949
5.126363181590795,0.9956062172934417
5.140070035017509,0.9958235397056753
5.153776888444222,0.996395613064413
5.167483741870935,0.9973308483671784
5.1811905952976485,0.9983926189176693
5.194897448724362,1.0013130760245226
5.208604302151075,1.0009383248759696
5.222311155577788,1.0035821745906397
5.236018009004502,1.0048024313074122
5.249724862431215,1.0060146761865105
5.263431715857928,1.0093953383239838
5.2771385692846415,1.0102633518234496
5.290845422711355,1.0131734770814884
5.304552276138068,1.013511803390018
5.318259129564782,1.0157545992014794
5.331965982991496,1.019005265968011
5.345672836418209,1.0194808238833082
5.359379689844922,1.0208002011265669
5.3730865432716355,1.0218900503103845
5.386793396698349,1.0211488484795355
5.400500250125062,1.022494534823316
5.414207103551775,1.0219369676617658
5.427913956978489,1.0225621338972635
5.441620810405202,1.0213504035046306
5.455327663831915,1.0209092683944458
5.4690345172586285,1.019022500448844
5.482741370685342,1.0183993169447318
5.496448224112055,1.0153189505143616
5.510155077538768,1.0127662621391764
5.523861930965483,1.0127261160311642
5.537568784392196,1.0092808548769838
5.551275637818909,1.007339116654588
5.5649824912456225,1.0049706648395489
5.578689344672336,1.0039591843807385
5.592396198099049,1.0020389677681374
5.606103051525762,1.0005337312719536
5.619809904952476,0.9986481312432602
5.633516758379189,0.9973019236194115
5.647223611805902,0.9995159360145787
5.660930465232616,0.9962867627887119
5.674637318659329,0.9972113946333193
5.688344172086042,0.9959867456527088
5.7020510255127554,0.9970885303693692
5.71575787893947,0.9969869903617444
5.729464732366183,0.996048315688998
5.743171585792896,0.9961202968424681
5.7568784392196095,0.9984390848625485
5.770585292646323,0.9989480233677274
5.784292146073036,0.9980662515915097
5.797998999499749,0.9982851686588746
5.811705852926463,0.9969351506418417
5.825412706353176,0.9958919745146267
5.839119559779889,0.9963644948058292
5.852826413206603,0.9949847022784257
5.866533266633316,0.9929719877255685
5.880240120060029,0.9925509387811476
5.8939469734867425,0.9915643261106326
5.907653826913456,0.990814338957629
5.92136068034017,0.9881377471018752
5.935067533766883,0.9850902276762561
5.9487743871935965,0.9839629315240096
5.96248124062031,0.9829775506443837
5.976188094047023,0.9805088594161897
5.989894947473736,0.9805310935536786
6.00360180090045,0.9792373354078688
6.017308654327163,0.9784893973793238
6.031015507753876,0.9782084241783768
6.04472236118059,0.9786889237120893
6.058429214607303,0.9788365758562302
6.072136068034016,0.9793779606408317
6.0858429214607295,0.9788661597422004
6.099549774887443,0.9832016322206186
6.113256628314156,0.9823887267803637
6.12696348174087,0.9841450807571402
6.1406703351675835,0.9865588825184163
6.154377188594297,0.9889377881465269
6.16808404202101,0.9910046134611252
6.181790895447723,0.9927139994940835
6.195497748874437,0.9958473867136695
6.20920460230115,0.9979637406638692
6.222911455727863,0.9993973560372673
6.236618309154577,1.001486314253096
6.25032516258129,1.0032596832348217
6.264032016008003,1.00495632162196
6.2777388694347165,1.0069939023483145
6.29144572286143,1.0087079315350427
6.305152576288143,1.0087017083648253
6.318859429714857,1.010851269731283
6.3325662831415706,1.0077929195715623
6.346273136568284,1.008594119083682
6.359979989994997,1.0089263641109882
6.37368684342171,1.0087802785751179
6.387393696848424,1.0084158186132843
6.401100550275137,1.0089924921206272
6.41480740370185,1.0074010586841737
6.428514257128564,1.007129515774547
6.442221110555277,1.0071505755640509
6.45592796398199,1.0071309860851956
6.4696348174087035,1.0061416929723548
6.483341670835417,1.0061911486919624
6.49704852426213,1.0077619691630382
6.510755377688843,1.0083323738300576
6.524462231115558,1.0078834871033922
6.538169084542271,1.0106030754197142
6.551875937968984,1.0106531208174985
6.5655827913956974,1.012302989513681
6.579289644822411,1.013960086073789
6.592996498249124,1.0141023183085915
6.606703351675837,1.015402657958189
6.620410205102551,1.0158985410051269
6.634117058529264,1.0182203231548912
6.647823911955977,1.0181641594363415
6.6615307653826905,1.0191139907993108
6.675237618809404,1.0202156844634744
6.688944472236117,1.0192483589925154
6.70265132566283,1.019382954201354
6.716358179089544,1.0183943360548058
6.730065032516258,1.016401083500192
6.743771885942971,1.014828092836827
6.7574787393696845,1.0143536533726274
6.771185592796398,1.01159571000781
6.784892446223111,1.011636510535713
6.798599299649824,1.0077661221336398
6.812306153076538,1.0057440563637718
6.826013006503251,1.0037497327674108
6.839719859929964,1.0015456593051797
6.8534267133566775,0.9969284059506953
6.867133566783391,0.9979093821104877
6.880840420210104,0.9936458981720564
6.894547273636817,0.9911824159883035
6.908254127063531,0.9903662759796773
6.921960980490245,0.98799891455003
6.935667833916958,0.9875887681096924
6.9493746873436715,0.9861157977177722
6.963081540770385,0.9865049858573582
6.976788394197098,0.9858748401012185
6.990495247623811,0.9856603265633649
7.004202101050525,0.9854936896508633
7.017908954477238,0.9863831094085445
7.031615807903951,0.9860589140549776
7.0453226613306645,0.9887156126857989
7.059029514757378,0.9891646661281158
7.072736368184091,0.9885351048270538
7.086443221610804,0.9888379085884574
7.100150075037518,0.9901622546148245
7.113856928464231,0.9907891910369985
7.127563781890945,0.9902275458572432
7.1412706353176585,0.9916958678048032
7.154977488744372,0.9907305638331907
7.168684342171085,0.9908832393726376
7.182391195597798,0.9899610756658207
7.196098049024512,0.9902987284042858
7.209804902451225,0.9890236385462193
7.223511755877938,0.9899639240719136
7.2372186093046516,0.987767335678168
7.250925462731365,0.9872052481607388
7.264632316158078,0.9864147613173139
7.278339169584791,0.9858433070925036
7.292046023011505,0.9847575060457687
7.305752876438218,0.9855429058655459
7.319459729864932,0.9864210025349629
7.3331665832916455,0.9843959329163018
7.346873436718359,0.9852761652614744
7.360580290145072,0.9856105163448128
7.374287143571785,0.9845512244134461
7.387993996998499,0.9884725133215817
7.401700850425212,0.9887367502685515
7.415407703851925,0.9911596192073234
7.429114557278639,0.9934837025906498
7.442821410705352,0.99449946009423
7.456528264132065,0.9968209313692377
7.4702351175587784,1.0003904635809937
7.483941970985492,1.0022995136910053
7.497648824412205,1.0058421624422533
7.511355677838918,1.0097063583589092
7.5250625312656325,1.011261762253831
7.538769384692346,1.013500103561134
7.552476238119059,1.01544979915017
7.566183091545772,1.0135865396840331
7.579889944972486,1.0167720631184296
7.593596798399199,1.0179514265947374
7.607303651825912,1.0183634286896408
7.621010505252626,1.0190377134663116
7.634717358679339,1.0180058628976179
7.648424212106052,1.0194235318212395
7.6621310655327655,1.0179002249080613
7.675837918959479,1.0176853018956955
7.689544772386192,1.0169906110715452
7.703251625812905,1.013809761871195
7.716958479239619,1.0151112082467735
7.730665332666333,1.0137364545541143
7.744372186093046,1.0124692983418848
7.758079039519759,1.0111449290542924
7.771785892946473,1.0101323774721753
7.785492746373186,1.0086037901338312
7.799199599799899,1.0091950279826638
7.812906453226613,1.0079213408459857
7.826613306653326,1.0063183359170476
7.840320160080039,1.00799037203824
7.8540270135067525,1.0063006535279297
7.867733866933466,1.0075762272780602
7.881440720360179,1.0070361467415274
7.895147573786892,1.008154614989369
7.908854427213606,1.010156909430717
7.92256128064032,1.008456595517246
7.936268134067033,1.0097461291497107
7.949974987493746,1.0098872877755796
7.96368184092046,1.0102862085874988
7.977388694347173,1.0103652157241412
7.991095547773886,1.01034490264618
8.0048024012006,1.010063900695008
8.018509254627313,1.007699858300351
8.032216108054026,1.0069916507651977
8.04592296148074,1.0074608753397143
8.059629814907453,1.0035319283797874
8.073336668334166,1.0026716745023867
8.08704352176088,1.0007652994843153
8.100750375187593,0.9986090110672865
8.114457228614306,0.9955820385399098
8.12816408204102,0.9931680227115465
8.141870935467733,0.9920148499374453
8.155577788894446,0.9897262924502539
8.16928464232116,0.9862725185599972
8.182991495747872,0.9847159259038105
8.196698349174586,0.9823262914428863
8.210405202601299,0.9822029414966338
8.224112056028014,0.9793749364586609
8.237818909454727,0.9787129410589397
8.25152576288144,0.9789266260863981
8.265232616308154,0.9772885731305102
8.278939469734867,0.978770171428157
8.29264632316158,0.980016040334457
8.306353176588294,0.9793933873958375
8.320060030015007,0.9808824549533369
8.33376688344172,0.9808693893140986
8.347473736868434,0.983942884032708
8.361180590295147,0.9857603110209969
8.37488744372186,0.986949548937657
8.388594297148574,0.9885123148247293
8.402301150575287,0.9917489475084614
8.416008004002,0.9914099398532702
8.429714857428714,0.9934267794613884
8.443421710855427,0.9932420555171354
8.45712856428214,0.9965561263382351
8.470835417708853,0.9955033777888191
8.484542271135567,0.9966523264429556
8.49824912456228,0.9964979100475798
8.511955977988993,0.9979755452585053
8.525662831415707,0.9971677535496151
8.53936968484242,0.9966098161724372
8.553076538269133,0.9964303544458013
8.566783391695846,0.9963916591422951
8.58049024512256,0.9960154593044795
8.594197098549273,0.9961830033316155
8.607903951975986,0.9966378647546013
8.6216108054027,0.9955100429199588
8.635317658829415,0.9962206126258661
8.649024512256128,0.9971268208293959
8.662731365682841,0.9965041096951123
8.676438219109555,0.9980983651288613
8.690145072536268,0.9988637933029725
8.703851925962981,1.0000646743262849
8.717558779389694,1.001358165990396
8.731265632816408,1.003674176254298
8.744972486243121,1.006067999335483
8.758679339669834,1.0075851287160034
8.772386193096548,1.0087007308173306
8.786093046523261,1.0117605321814
8.799799899949974,1.014286681927203
8.813506753376688,1.0150818421528285
8.8272136068034,1.0185214443646897
8.840920460230114,1.0184569437116882
8.854627313656827,1.0203818920171068
8.86833416708354,1.0215060002697811
8.882041020510254,1.0223865249573996
8.895747873936967,1.0225634209478358
8.90945472736368,1.0229008667947612
8.923161580790394,1.0227085171728851
8.936868434217107,1.0214884051967488
8.95057528764382,1.0205715823789
8.964282141070534,1.020440978647703
8.977988994497247,1.0173072487745052
8.99169584792396,1.016671472009668
9.005402701350674,1.0150617646988265
9.019109554777387,1.0131646350009382
9.032816408204102,1.0110007715571687
9.046523261630815,1.0100240069333533
9.060230115057529,1.0067863289554435
9.073936968484242,1.0047321913982483
9.087643821910955,1.0061422311171169
9.101350675337669,1.0027832355904263
9.115057528764382,0.9997449673550687
9.128764382191095,0.9987228352784975
9.142471235617808,0.9990671655946638
9.156178089044522,0.9969418713115318
9.169884942471235,0.9961410747498585
9.183591795897948,0.9968439975101103
9.197298649324662,0.9962975132077744
9.211005502751375,0.9978288731919526
9.224712356178088,0.9973144795765813
9.238419209604801,0.9981355771480436
9.252126063031515,0.9979077220562131
9.265832916458228,0.9990549161990642
9.279539769884941,0.9980860294093364
9.293246623311655,0.9976172773860256
9.306953476738368,0.9974098140160913
9.320660330165081,0.9978790896186013
9.334367183591795,0.9972587778283982
9.348074037018508,0.9961277135667495
9.361780890445221,0.995609879991732
9.375487743871934,0.9937780472592721
9.389194597298648,0.992865129427231
9.402901450725361,0.9918629289078407
9.416608304152074,0.9900045757170207
9.43031515757879,0.9868476482235933
9.444022011005503,0.985724792849531
9.457728864432216,0.9841478920783426
9.47143571785893,0.9821087769224582
9.485142571285643,0.981177436040644
9.498849424712356,0.9797853527770146
9.51255627813907,0.9791198848997751
9.526263131565782,0.9795592219570769
9.539969984992496,0.9786074017824941
9.553676838419209,0.9777355483439629
9.567383691845922,0.9786080168855958
9.581090545272636,0.9787166953470003
9.594797398699349,0.9814743346864293
9.608504252126062,0.9820893129074597
9.622211105552775,0.9830221348748301
9.635917958979489,0.9863161647287858
9.649624812406202,0.9877507371840945
9.663331665832915,0.9913603997705247
9.677038519259629,0.9922232960352823
9.690745372686342,0.9943299551771965
9.704452226113055,0.9974225986585
9.718159079539769,0.9987082462784779
9.731865932966482,1.0014917992352648
9.745572786393195,1.0023867487991422
9.759279639819908,1.0052137983275462
9.772986493246622,1.0064040380495545
9.786693346673335,1.00807125897631
9.800400200100048,1.0080046708273718
9.814107053526762,1.0078496703209134
9.827813906953477,1.0080098732994909
9.84152076038019,1.0088827385891321
9.855227613806903,1.008307394949447
9.868934467233617,1.0089754131955257
9.88264132066033,1.0099721682290792
9.896348174087043,1.0086014305042341
9.910055027513756,1.007065241922382
9.92376188094047,1.0072109015456576
9.937468734367183,1.0071686208615738
9.951175587793896,1.0072498679247575
9.96488244122061,1.0064872717391444
9.978589294647323,1.0080298228207252
9.992296148074036,1.0070341962590712
10.00600300150075,1.0078049932790063
10.019709854927463,1.0088791180752728
10.033416708354176,1.0088406608523668
10.04712356178089,1.0110271648199873
10.060830415207603,1.0127666144926613
10.074537268634316,1.0129762324213951
10.08824412206103,1.0143496924550304
10.101950975487743,1.0150388349921946
10.115657828914456,1.0165598531851823
10.12936468234117,1.017654882047707
10.143071535767882,1.0187007721892718
10.156778389194596,1.0191601086353095
10.170485242621309,1.019561627713286
10.184192096048022,1.0196289518324384
10.197898949474736,1.019724246299821
10.211605802901449,1.0196572592977873
10.225312656328162,1.018713518721717
10.239019509754877,1.017114767307263
10.25272636318159,1.0168522184288193
10.266433216608304,1.014015094010504
10.280140070035017,1.0106064649466424
10.29384692346173,1.0108979909601086
10.307553776888444,1.0064133676180003
10.321260630315157,1.0040957243553186
10.33496748374187,1.0020638730647484
10.348674337168584,1.000269661235627
10.362381190595297,0.9972090038360526
10.37608804402201,0.9964665783496113
10.389794897448724,0.9922777827575724
10.403501750875437,0.9908061221405801
10.41720860430215,0.9897317809547025
10.430915457728863,0.9890608962972295
10.444622311155577,0.9865645027594724
10.45832916458229,0.9870065893180117
10.472036018009003,0.9862307164202718
10.485742871435717,0.9854942282593896
10.49944972486243,0.9869003962421636
10.513156578289143,0.9854973664419225
10.526863431715856,0.9855732506608423
10.54057028514257,0.9873292259155234
10.554277138569283,0.9885682684709758
10.567983991995996,0.9878943272730908
10.58169084542271,0.9891128298528258
10.595397698849423,0.9912044451662384
10.609104552276136,0.9903457376323577
10.62281140570285,0.9900035963317686
10.636518259129565,0.9923773092852441
10.650225112556278,0.991552547754335
10.663931965982991,0.9922373057338243
10.677638819409704,0.99079543227681
10.691345672836418,0.990212455438969
10.705052526263131,0.989971540422311
10.718759379689844,0.9897329956459019
10.732466233116558,0.9876314863073401
10.746173086543271,0.9865035593604164
10.759879939969984,0.986149507411003
10.773586793396698,0.984797567047746
10.78729364682341,0.986698460571764
10.801000500250124,0.984067657966408
10.814707353676837,0.9849776433682798
10.82841420710355,0.9849808421681878
10.842121060530264,0.9852413849954581
10.855827913956977,0.9857369948082702
10.86953476738369,0.9849783948596427
10.883241620810404,0.9871553036090304
10.896948474237117,0.9879153960381918
10.91065532766383,0.9887072948055545
10.924362181090544,0.9936099666600342
10.938069034517257,0.9942089331707255
10.95177588794397,0.996605555089986
10.965482741370684,0.9992727333732687
10.979189594797397,1.0023524757669573
10.99289644822411,1.0046885140313684
11.006603301650824,1.0064754099175923
11.020310155077537,1.0082981807875826
11.034017008504252,1.0104346261379156
11.047723861930965,1.0134672094126298
11.061430715357679,1.0151571791882352
11.075137568784392,1.016492056353575
11.088844422211105,1.0182282090741466
11.102551275637818,1.019180207427465
11.116258129064532,1.0191511846477153
11.129964982491245,1.018842997625089
11.143671835917958,1.018730969327768
11.157378689344672,1.0187743358358181
11.171085542771385,1.0189610341658855
11.184792396198098,1.017222128216237
11.198499249624811,1.015283459040419
11.212206103051525,1.0154394304970582
11.225912956478238,1.0133190014697593
11.239619809904951,1.011601178377481
11.253326663331665,1.0109793201401054
11.267033516758378,1.0106888555599183
11.280740370185091,1.0099373873481519
11.294447223611805,1.0085228707337748
11.308154077038518,1.007230788359456
11.321860930465231,1.007423454599746
11.335567783891944,1.0084533420236623
11.349274637318658,1.008507062886987
11.362981490745371,1.0070062455797408
11.376688344172084,1.0082191209910472
11.390395197598798,1.008973072003079
11.404102051025511,1.0084800892602324
11.417808904452224,1.0093497675730678
11.43151575787894,1.0106679699777303
11.445222611305653,1.0100913374089937
11.458929464732366,1.0107807519913714
11.47263631815908,1.0112324473637269
11.486343171585792,1.009911306595688
11.500050025012506,1.0103640044580133
11.513756878439219,1.0097344986912646
11.527463731865932,1.0067689486038949
11.541170585292646,1.007257743495825
11.554877438719359,1.0070211274845873
11.568584292146072,1.005087889832665
11.582291145572785,1.0014537959627712
11.595997998999499,0.99946752807865
11.609704852426212,0.9974466005975688
11.623411705852925,0.9949245081451508
11.637118559279639,0.993622729780039
11.650825412706352,0.9909207024555169
11.664532266133065,0.9879488327406176
11.678239119559779,0.9860991838857183
11.691945972986492,0.9839344532138137
11.705652826413205,0.981058333007604
11.719359679839918,0.980128910019465
11.733066533266632,0.9794030484863083
11.746773386693345,0.9796736367030698
11.760480240120058,0.9787132186592119
11.774187093546772,0.9795527194188492
11.787893946973485,0.9789016240854205
11.801600800400198,0.9780837693881757
11.815307653826912,0.9813138419131551
11.829014507253625,0.9818572517196712
11.84272136068034,0.9834071256604109
11.856428214107053,0.9857380205445712
11.870135067533766,0.9846467945934824
11.88384192096048,0.9873544317431926
11.897548774387193,0.9890695982130996
11.911255627813906,0.9913228011552956
11.92496248124062,0.9913255227718569
11.938669334667333,0.9935552651269227
11.952376188094046,0.9940814789256258
11.96608304152076,0.995427731560462
11.979789894947473,0.9962035292280632
11.993496748374186,0.9966000720904225
12.0072036018009,0.9959848872361983
12.020910455227613,0.9970859879821647
12.034617308654326,0.996444896797538
12.04832416208104,0.9965984497239943
12.062031015507753,0.9973907522556361
12.075737868934466,0.9968926252819714
12.08944472236118,0.9949386859652649
12.103151575787892,0.9964297847445599
12.116858429214606,0.9954267846188698
12.130565282641319,0.9964094731597583
12.144272136068032,0.9944366192714863
12.157978989494746,0.9971436832097288
12.171685842921459,0.9965595064133993
12.185392696348172,0.9972172694305561
12.199099549774886,1.000309269392547
12.212806403201599,1.000632595369156
12.226513256628312,1.0032475974830934
12.240220110055027,1.0044420822160838
12.25392696348174,1.005448244901899
12.267633816908454,1.0085229036386478
12.281340670335167,1.0107095832561777
12.29504752376188,1.0125316781357008
12.308754377188594,1.0133753891547503
12.322461230615307,1.0164491294455527
12.33616808404202,1.018256610092558
12.349874937468734,1.01944479971765
12.363581790895447,1.021657561167723
12.37728864432216,1.0238101028616453
12.390995497748873,1.0216761654992008
12.404702351175587,1.0223528779896012
12.4184092046023,1.0235822511443335
12.432116058029013,1.020941123868678
12.445822911455727,1.0218295247947486
12.45952976488244,1.0195874146904451
12.473236618309153,1.0178308503641722
12.486943471735866,1.0177412057016861
12.50065032516258,1.0153786637238131
12.514357178589293,1.0130340164106968
12.528064032016006,1.012368096837941
12.54177088544272,1.0093701860735438
12.555477738869433,1.0083091334319592
12.569184592296146,1.006902354040958
12.58289144572286,1.003264064662945
12.596598299149573,1.003267277609092
12.610305152576286,1.0022082414098357
12.624012006003,1.0011219966557778
12.637718859429715,0.9988815198784949
12.651425712856428,0.9987384633466951
12.665132566283141,0.9988194518364125
12.678839419709854,0.997944991978
12.692546273136568,0.9988411740901002
12.706253126563281,0.9988960737059567
12.719959979989994,0.9970371716257974
12.733666833416708,0.997917849136027
12.74737368684342,0.9978874883258799
12.761080540270134,0.9991876428695093
12.774787393696847,0.9981894134203729
12.78849424712356,0.9988234232556633
12.802201100550274,0.9983958610681883
12.815907953976987,0.9989213373082978
12.8296148074037,0.9978479439343364
12.843321660830414,0.9963941590610482
12.857028514257127,0.994820350166801
12.87073536768384,0.9940929109688582
12.884442221110554,0.9945132895669159
12.898149074537267,0.9926484001108419
12.91185592796398,0.9902274582029018
12.925562781390694,0.9893791858031946
12.939269634817407,0.9873337166321219
12.95297648824412,0.9856878420951675
12.966683341670834,0.9827615499479266
12.980390195097547,0.9820969463960076
12.99409704852426,0.9805242090365264
13.007803901950973,0.9798362685864674
13.021510755377687,0.9777556208776644
13.035217608804402,0.9776426453485408
13.048924462231115,0.9769537466471027
13.062631315657828,0.9772806864171524
13.076338169084542,0.979123367312902
13.090045022511255,0.978493970503326
13.103751875937968,0.9820042733385689
13.117458729364682,0.9827691179400196
13.131165582791395,0.9826324667526254
13.144872436218108,0.9868276448273275
13.158579289644821,0.9875553331941956
13.172286143071535,0.9907610308059356
13.185992996498248,0.9931588572514767
13.199699849924961,0.9947390927122888
13.213406703351675,0.9980245797957106
13.227113556778388,0.9985933413532321
13.240820410205101,1.001972244996974
13.254527263631815,1.0032101521091006
13.268234117058528,1.0046529862911924
13.281940970485241,1.0062476591970735
13.295647823911954,1.0066638875385456
13.309354677338668,1.0089160022864216
13.323061530765381,1.0085790223167646
13.336768384192094,1.0101475906297104
13.350475237618808,1.0084439587426541
13.364182091045521,1.0088749901756866
13.377888944472234,1.0078691129581383
13.391595797898947,1.0084580027089232
13.40530265132566,1.0080104825358807
13.419009504752374,1.0067085150300918
13.432716358179087,1.0065744837730424
13.446423211605802,1.0061842871114701
13.460130065032516,1.005950162164125
13.473836918459229,1.0062917078671865
13.487543771885942,1.007292015156022
13.501250625312656,1.0065455369612573
13.514957478739369,1.0085858220076998
13.528664332166082,1.0083858820511393
13.542371185592796,1.0109169012318833
13.556078039019509,1.009976997010489
13.569784892446222,1.0112706038132064
13.583491745872935,1.0126293758951037
13.597198599299649,1.01535552425183
13.610905452726362,1.015385246697792
13.624612306153075,1.0173901092787623
13.638319159579789,1.0182605117490107
13.652026013006502,1.01760061544952
13.665732866433215,1.0190234172299273
13.679439719859928,1.0192930812989995
13.693146573286642,1.0206574336576375
13.706853426713355,1.020561945858484
13.720560280140068,1.0193345265667957
13.734267133566782,1.0187931248939281
13.747973986993495,1.0156198574326043
13.761680840420208,1.0149473898578498
13.775387693846922,1.0145407050012192
13.789094547273635,1.0113973472298163
13.802801400700348,1.0096316377324803
13.816508254127061,1.0075373566583887
13.830215107553775,1.003730377897916
13.84392196098049,1.0013329282161458
13.857628814407203,0.9995570436619927
13.871335667833916,0.9978896076504704
13.88504252126063,0.9946043282743727
13.898749374687343,0.9916589516695008
13.912456228114056,0.9901354118141585
13.92616308154077,0.9899508200540841
13.939869934967483,0.9889733562549755
13.953576788394196,0.9872230153565069
13.96728364182091,0.9862923477220145
13.980990495247623,0.986609214820339
13.994697348674336,0.987015649958746
14.00840420210105,0.9864371233252761
14.022111055527763,0.9869683598211213
14.035817908954476,0.9863788255137592
14.04952476238119,0.9858664344437584
14.063231615807902,0.9878609854232206
14.076938469234616,0.9889397941287391
14.090645322661329,0.9901454460626966
14.104352176088042,0.9914547626198172
14.118059029514756,0.9914665048435682
14.131765882941469,0.9921883038873951
14.145472736368182,0.98967458208395
14.159179589794896,0.9922423448647189
14.172886443221609,0.9907971920101255
14.186593296648322,0.9913899827688116
14.200300150075035,0.9909036636152062
14.214007003501749,0.9913989172393879
14.227713856928462,0.9880516573724526
14.241420710355177,0.9881668343289626
14.25512756378189,0.9875008695694998
14.268834417208604,0.9868926911348849
14.282541270635317,0.985394152786544
14.29624812406203,0.9852569188080443
14.309954977488744,0.984239921593113
14.323661830915457,0.9842508925998086
14.33736868434217,0.9853540442630834
14.351075537768883,0.9842497049591863
14.364782391195597,0.9857972131342405
14.37848924462231,0.9868717215406758
14.392196098049023,0.9876354182283913
14.405902951475737,0.9888340067975188
14.41960980490245,0.990741476335949
14.433316658329163,0.9936930568308572
14.447023511755877,0.9956830528407529
14.46073036518259,0.997266169854116
14.474437218609303,1.0004791352948132
14.488144072036016,1.0015910465822724
14.50185092546273,1.005040159832438
14.515557778889443,1.0080570821189645
14.529264632316156,1.0112785809309965
14.54297148574287,1.0114834402410986
14.556678339169583,1.0138088406757602
14.570385192596296,1.0168851741060856
14.58409204602301,1.0172723214140156
14.597798899449723,1.0177790048555753
14.611505752876436,1.018036333697026
14.62521260630315,1.0178478463911562
14.638919459729864,1.0179725253832697
14.652626313156578,1.0173850566413674
14.666333166583291,1.0170550295584384
14.680040020010004,1.0175045278988344
14.693746873436718,1.0162583271261334
14.70745372686343,1.0154938490069874
14.721160580290144,1.0137212795366635
14.734867433716857,1.0135894762339133
14.74857428714357,1.0121897596153688
14.762281140570284,1.0114534908062867
14.775987993996997,1.0109223401798169
14.78969484742371,1.008930189281769
14.803401700850424,1.0083295555554832
14.817108554277137,1.0079633557520176
14.83081540770385,1.0086568245815355
14.844522261130564,1.0080521035817014
14.858229114557277,1.0085924089828118
14.87193596798399,1.0074346551052333
14.885642821410704,1.0092284611343818
14.899349674837417,1.0086642066415408
14.91305652826413,1.0093321118436758
14.926763381690844,1.0110145313862862
14.940470235117557,1.009745197701017
14.95417708854427,1.009073315128536
14.967883941970983,1.0123260410907462
14.981590795397697,1.009600645108931
14.99529764882441,1.0111476919541347
15.009004502251123,1.0100849228907325
15.022711355677837,1.00821967737756
15.03641820910455,1.0081715978304835
15.050125062531265,1.0062547373567055
15.063831915957978,1.0044641475508074
15.077538769384692,1.0030960093812993
15.091245622811405,1.0019274546144676
15.104952476238118,0.9969274660130637
15.118659329664832,0.9972010226730567
15.132366183091545,0.9947405872692443
15.146073036518258,0.991608230826772
15.159779889944971,0.9889557590991306
15.173486743371685,0.9879978242886556
15.187193596798398,0.9857918468683614
15.200900450225111,0.9835742338246519
15.214607303651825,0.9815158875421703
15.228314157078538,0.9806712629626476
15.242021010505251,0.9793994131835639
15.255727863931964,0.9792086356321664
15.269434717358678,0.9796930495030809
15.283141570785391,0.978770112431373
15.296848424212104,0.9795045502325664
15.310555277638818,0.9792722153713947
15.324262131065531,0.9808065269699294
15.337968984492244,0.9805332357092997
15.351675837918958,0.9843369489887835
15.36538269134567,0.985111870154364
15.379089544772384,0.985563622026057
15.392796398199097,0.9865839663625376
15.40650325162581,0.9895448942309755
15.420210105052524,0.9905677159649793
15.433916958479237,0.9921705608821859
15.447623811905952,0.9933869312160037
15.461330665332666,0.9949535648019344
15.475037518759379,0.9952972051541256
15.488744372186092,0.9951601008855246
15.502451225612806,0.9967910855828443
15.516158079039519,0.996504272694057
15.529864932466232,0.9968981650547132
15.543571785892945,0.9970830551104144
15.557278639319659,0.9967792297414227
15.570985492746372,0.9970070393515237
15.584692346173085,0.9949344964164081
15.598399199599799,0.9956790612982745
15.612106053026512,0.9958274771218137
15.625812906453225,0.9954584599913421
15.639519759879938,0.9958100215650773
15.653226613306652,0.9963307329209803
15.666933466733365,0.9962567443723349
15.680640320160078,0.9973256728525772
15.694347173586792,0.9969325749071088
15.708054027013505,1.00005280573679
15.721760880440218,1.0011965591259582
15.735467733866932,1.0030443745541655
15.749174587293645,1.0062220275695812
15.762881440720358,1.0066711807723965
15.776588294147071,1.0097957404035733
15.790295147573785,1.0109726208369068
15.804002001000498,1.0127516880784118
15.817708854427211,1.0151525807841175
15.831415707853925,1.0178843514303786
15.84512256128064,1.0186062914347673
15.858829414707353,1.021062753126753
15.872536268134066,1.0232406998667585
15.88624312156078,1.0212689527170244
15.899949974987493,1.0215361538007277
15.913656828414206,1.0231681380001194
15.92736368184092,1.0219004694426521
15.941070535267633,1.0203908397476391
15.954777388694346,1.0209120991427105
15.96848424212106,1.0199147519704006
15.982191095547773,1.0201011701098266
15.995897948974486,1.0174651510517854
16.0096048024012,1.0149300332550797
16.02331165582791,1.0129582954033487
16.037018509254626,1.0107067100521967
16.05072536268134,1.00911049856825
16.064432216108052,1.0076593861655068
16.078139069534767,1.0053557998345724
16.09184592296148,1.0024635848259578
16.105552776388194,1.001755291485283
16.119259629814906,1.0002254580665735
16.13296648324162,0.9999663202298668
16.146673336668332,0.9986650382345252
16.160380190095047,0.9969422650167336
16.17408704352176,0.99722170033793
16.187793896948474,0.9976142295541441
16.201500750375185,0.9952389839422112
16.2152076038019,0.9982707806431684
16.228914457228612,0.9985542240428938
16.242621310655327,0.9977082705436208
16.25632816408204,0.9985881633507548
16.270035017508754,0.9936093372122923
16.283741870935465,0.9983905215503068
16.29744872436218,0.99942297760824
16.31115557778889,0.9983914749537021
16.324862431215607,0.9986218726691716
16.33856928464232,0.9956555796619809
16.352276138069033,0.9969530023800858
16.365982991495745,0.995669402896802
16.37968984492246,0.9931717953154019
16.39339669834917,0.9927466900742078
16.407103551775887,0.991368349539891
16.420810405202598,0.9891157291667925
16.434517258629313,0.9886249823190488
16.448224112056028,0.9844353459103664
16.46193096548274,0.9833147680308693
16.475637818909455,0.9827844587040513
16.489344672336166,0.9809025848852871
16.50305152576288,0.9795773730408682
16.516758379189593,0.9790988282347479
16.530465232616308,0.9779637811600276
16.54417208604302,0.9780876987418906
16.557878939469735,0.9770958616418077
16.571585792896446,0.9793369811526548
16.58529264632316,0.9777634433022052
16.598999499749873,0.9795082169181892
16.612706353176588,0.9813494809261971
16.6264132066033,0.982548833522819
16.640120060030014,0.9849606417562624
16.653826913456726,0.985917761450794
16.66753376688344,0.9901315180793198
16.681240620310152,0.9921618362613365
16.694947473736867,0.9941974840133923
16.70865432716358,0.9959118996238148
16.722361180590294,0.9982640143830065
16.736068034017006,1.000661988881263
16.74977488744372,1.0013784004724353
16.763481740870432,1.0038985408458083
16.777188594297147,1.0048223085452364
16.79089544772386,1.0068035406925653
16.804602301150574,1.0075060493452561
16.818309154577285,1.0056091717897488
16.832016008004,1.0082231987755481
16.845722861430716,1.0090337519017567
16.859429714857427,1.0074810837358181
16.873136568284142,1.0072519138149973
16.886843421710854,1.0084724420107603
16.90055027513757,1.0070207901753399
16.91425712856428,1.0083679556818756
16.927963981990995,1.005576895605946
16.941670835417707,1.0073061956996783
16.955377688844422,1.0058556302451391
16.969084542271133,1.006076963469164
16.98279139569785,1.0059162357685127
16.99649824912456,1.006945853019388
17.010205102551275,1.007120744894201
17.023911955977987,1.0081137877853503
17.0376188094047,1.008744739729502
17.051325662831413,1.0104111302342833
17.06503251625813,1.0120556669155871
17.07873936968484,1.0110560092593506
17.092446223111555,1.0139175056183634
17.106153076538266,1.0161012692014897
17.11985992996498,1.0158189954402457
17.133566783391693,1.0167502904254337
17.147273636818408,1.0185474909566967
17.16098049024512,1.018668489175792
17.174687343671835,1.0197957787845886
17.188394197098546,1.0197703427885694
17.20210105052526,1.0189113859029901
17.215807903951973,1.0199232553560733
17.229514757378688,1.0178607113052904
17.2432216108054,1.018035356118027
17.256928464232114,1.015612347508577
17.27063531765883,1.0148904250848965
17.28434217108554,1.0115417382761125
17.298049024512256,1.011262582474888
17.311755877938968,1.007569422403843
17.325462731365683,1.0045806501438992
17.339169584792394,1.0036514039964284
17.35287643821911,0.9999745824522649
17.36658329164582,0.99760101629388
17.380290145072536,0.9946542119527021
17.393996998499247,0.9928595739273541
17.407703851925962,0.9922227157563454
17.421410705352674,0.9914087241824138
17.43511755877939,0.9889380230333102
17.4488244122061,0.9873339373419376
17.462531265632816,0.9857349829379216
17.476238119059527,0.9871122118808818
17.489944972486242,0.9870033388334132
17.503651825912954,0.9867556104118608
17.51735867933967,0.9849723739417612
17.53106553276638,0.9873026674925405
17.544772386193095,0.9881762697313174
17.558479239619807,0.9874019054072792
17.572186093046522,0.9880610020165456
17.585892946473233,0.9906709314865532
17.59959979989995,0.9892383371089725
17.61330665332666,0.9914856620429361
17.627013506753375,0.9912259919161054
17.640720360180087,0.9910314270451535
17.6544272136068,0.9900021722982322
17.668134067033517,0.9913107741968926
17.68184092046023,0.9889189710763896
17.695547773886943,0.9892360941882509
17.709254627313655,0.9893733875590429
17.72296148074037,0.9893654643957053
17.73666833416708,0.9888766936131386
17.750375187593797,0.987914811006735
17.764082041020508,0.9854395043686704
17.777788894447223,0.9852618220423495
17.791495747873935,0.9856882266391093
17.80520260130065,0.9837970526554481
17.81890945472736,0.9840952597486118
17.832616308154076,0.9840412419703903
17.846323161580788,0.9835146644156585
17.860030015007503,0.9841480513966956
17.873736868434214,0.9855990078799461
17.88744372186093,0.987230013086216
17.90115057528764,0.9889152378003777
17.914857428714356,0.9897872659636777
17.928564282141068,0.9923020432143862
17.942271135567783,0.9933620840195674
17.955977988994494,0.9962692981085148
17.96968484242121,0.9977601802266391
17.98339169584792,1.0011135534781594
17.997098549274636,1.004067041764305
18.010805402701347,1.0055155560865612
18.024512256128062,1.0078751617067396
18.038219109554774,1.0104867506259245
18.05192596298149,1.013637479403731
18.065632816408204,1.0146633348597802
18.079339669834916,1.015113817894786
18.09304652326163,1.0173102899816786
18.106753376688342,1.0193161886721713
18.120460230115057,1.0176947467717805
18.13416708354177,1.0183064973269298
18.147873936968484,1.018631063938514
18.161580790395195,1.0184127473141156
18.17528764382191,1.0175737081424048
18.188994497248622,1.0157338713493624
18.202701350675337,1.0159971241124743
18.21640820410205,1.0153575059165263
18.230115057528764,1.0129935844336768
18.243821910955475,1.0118513795499915
18.25752876438219,1.010711711530795
18.2712356178089,1.010901659446332
18.284942471235617,1.0092526818248135
18.29864932466233,1.0091467402938066
18.312356178089043,1.0074075849378017
18.326063031515755,1.0086172425110251
18.33976988494247,1.007014290638949
18.35347673836918,1.0066165963247375
18.367183591795897,1.008754102970048
18.380890445222608,1.0083925627534496
18.394597298649323,1.0084548755581788
18.408304152076035,1.008514880992814
18.42201100550275,1.0097956199079337
18.43571785892946,1.0106901832663695
18.449424712356176,1.0107555801417745
18.46313156578289,1.0119236165021779
18.476838419209603,1.010549482262797
18.490545272636318,1.0109712989096993
18.50425212606303,1.0108010459702497
18.517958979489745,1.0088698757850174
18.531665832916456,1.0090494521399813
18.54537268634317,1.0076800282466223
18.559079539769883,1.005078928475065
18.572786393196598,1.0048567459629154
18.58649324662331,1.0015622407752294
18.600200100050024,1.0017290353242314
18.613906953476736,0.9980746429308419
18.62761380690345,0.9954530646898412
18.641320660330162,0.9924952870085058
18.655027513756878,0.9909418325478926
18.66873436718359,0.9885601064526589
18.682441220610304,0.9860904511510186
18.696148074037016,0.9839669184255314
18.70985492746373,0.9820554330297185
18.723561780890442,0.9809235912452625
18.737268634317157,0.980321871747894
18.75097548774387,0.9796574366685088
18.764682341170584,0.979873154502426
18.778389194597295,0.9779071490640193
18.79209604802401,0.9782858995392243
18.805802901450722,0.9777260662755508
18.819509754877437,0.9801579470382665
18.83321660830415,0.9815632407997569
18.846923461730864,0.9832967234728027
18.86063031515758,0.9844723994704616
18.87433716858429,0.985677101851911
18.888044022011005,0.9878346009135249
18.901750875437717,0.9889234831980208
18.915457728864432,0.9891780817988445
18.929164582291143,0.9915117992622001
18.94287143571786,0.9958994170315949
18.95657828914457,0.993848592757084
18.970285142571285,0.995864380877414
18.983991995997997,0.9949375396158985
18.99769884942471,0.9962731413168309
19.011405702851423,0.9973363110782375
19.02511255627814,0.996884897450766
19.03881940970485,0.9967719448386713
19.052526263131565,0.9969067908278841
19.066233116558276,0.9962316083867941
19.07993996998499,0.994619162748125
19.093646823411703,0.9951807833494003
19.107353676838418,0.9952980675683731
19.12106053026513,0.9960216165905666
19.134767383691845,0.9960849832327493
19.148474237118556,0.9965242884268716
19.16218109054527,0.9970421929722182
19.175887943971983,0.9953581251983389
19.189594797398698,0.9983697485780699
19.20330165082541,0.9998199071975248
19.217008504252124,1.0000814482918037
19.230715357678836,1.0025847369325451
19.24442221110555,1.0047885102327208
19.258129064532266,1.0057044289555848
19.271835917958978,1.008332887582131
19.285542771385693,1.0109655621851124
19.299249624812404,1.011657206402798
19.31295647823912,1.0127964170754897
19.32666333166583,1.0154420919265448
19.340370185092546,1.0175675914261164
19.354077038519257,1.0150460162455717
19.367783891945972,1.0205547366927905
19.381490745372684,1.0217729806037052
19.3951975987994,1.022480832490817
19.40890445222611,1.0212909522992226
19.422611305652826,1.0232419426902113
19.436318159079537,1.021261830911592
19.450025012506252,1.0221321219213197
19.463731865932964,1.0203502587441766
19.47743871935968,1.0186551382436562
19.49114557278639,1.017195771681308
19.504852426213105,1.015939141906471
19.518559279639817,1.0149569930796718
19.532266133066532,1.012460354349517
19.545972986493243,1.0104571652357626
19.55967983991996,1.0076058993251293
19.57338669334667,1.0054037949413415
19.587093546773385,1.0044191533511617
19.600800400200097,1.0036788319545977
19.61450725362681,0.9998420550598371
19.628214107053523,1.0001627700566411
19.64192096048024,0.9992350476686062
19.655627813906953,0.9988941772842773
19.669334667333665,0.9978386394525528
19.68304152076038,0.996982638998
19.69674837418709,0.9988317434141547
19.710455227613807,0.9978748070564414
19.724162081040518,0.998796006912806
19.737868934467233,0.9983057952572338
19.751575787893945,0.9993726507330928
19.76528264132066,0.9997248629297575
19.77898949474737,0.9989807581861556
19.792696348174086,0.997627907647869
19.806403201600798,0.9985366964597182
19.820110055027513,0.9969431575921675
19.833816908454224,0.9979084020981175
19.84752376188094,0.9968061688454738
19.86123061530765,0.9973665494629234
19.874937468734366,0.9953034954201503
19.888644322161078,0.9930348573506526
19.902351175587793,0.9920758215650214
19.916058029014504,0.9910332990530799
19.92976488244122,0.9878765500508169
19.94347173586793,0.9870308865332602
19.957178589294646,0.9852577485942834
19.970885442721357,0.9834968312503395
19.984592296148072,0.9811859025500774
19.998299149574784,0.9813715996857789
20.0120060030015,0.9793186708131584
20.02571285642821,0.9782705259473262
20.039419709854926,0.9767498905336647
20.05312656328164,0.9763861395146443
20.066833416708352,0.9783755273337954
20.080540270135067,0.9783069554375287
20.09424712356178,0.9790573990528944
20.107953976988494,0.980352674211904
20.121660830415205,0.9826357380675546
20.13536768384192,0.9834417704317108
20.149074537268632,0.9854869159496719
20.162781390695347,0.9872007050781495
20.17648824412206,0.9893203075678462
20.190195097548774,0.9918282718626141
20.203901950975485,0.9939279301867898
20.2176088044022,0.9975194885911893
20.23131565782891,0.9975942808144056
20.245022511255627,1.0003196486610708
20.25872936468234,1.003142999803122
20.272436218109053,1.0042747881327416
20.286143071535765,1.0065202578577195
20.29984992496248,1.006289421486846
20.31355677838919,1.0076266577439954
20.327263631815907,1.007178734013509
20.340970485242618,1.0074713473594066
20.354677338669333,1.0072621077383854
20.368384192096045,1.0083961399974908
20.38209104552276,1.0068072314178385
20.39579789894947,1.009120935032739
20.409504752376186,1.007572415627249
20.423211605802898,1.007802415517865
20.436918459229613,1.0048817170649575
20.450625312656324,1.0061088974126986
20.46433216608304,1.0061937958510787
20.478039019509755,1.0064693133667737
20.491745872936466,1.0069137819405949
20.50545272636318,1.0077389409403725
20.519159579789893,1.0069188325924514
20.532866433216608,1.008576827849113
20.54657328664332,1.0084241002988803
20.560280140070034,1.0107617530815705
20.573986993496746,1.0111682922561886
20.58769384692346,1.012496284811767
20.601400700350172,1.0153678917271196
20.615107553776888,1.0163075741182601
20.6288144072036,1.0172481601225252
20.642521260630314,1.018130014696658
20.656228114057026,1.0196624849520046
20.66993496748374,1.0189868605913837
20.683641820910452,1.0185520046259413
20.697348674337167,1.0192489019568456
20.71105552776388,1.0201271453174054
20.724762381190594,1.0185282917662786
20.738469234617305,1.0184457689371818
20.75217608804402,1.0164637651974706
20.765882941470732,1.0149829987933217
20.779589794897447,1.0119313080117263
20.79329664832416,1.0130461848046806
20.807003501750874,1.0105406327819177
20.820710355177585,1.0058762553817402
20.8344172086043,1.0039090654810354
20.84812406203101,1.0010363929307347
20.861830915457727,1.0000760974391028
20.875537768884442,0.9971825106617476
20.889244622311153,0.9939978547200938
20.90295147573787,0.9939194623266859
20.91665832916458,0.9921401108427907
20.930365182591295,0.990137233220815
20.944072036018007,0.9872325210453499
20.95777888944472,0.9874221162257069
20.971485742871433,0.9871537168577404
20.98519259629815,0.9858535541545491
20.99889944972486,0.9867318423543028
21.012606303151575,0.9871227199557213
21.026313156578286,0.98671177200533
21.040020010005,0.9875193340556193
21.053726863431713,0.9884513620969219
21.067433716858428,0.9871135725448816
21.08114057028514,0.9900940337984542
21.094847423711855,0.9897908017174204
21.108554277138566,0.9905768810551838
21.12226113056528,0.9901116965482788
21.135967983991993,0.9906445470609507
21.149674837418708,0.990894724844647
21.16338169084542,0.9917856854603793
21.177088544272134,0.9905935024894724
21.190795397698846,0.9902110092039567
21.20450225112556,0.9894653888490635
21.218209104552272,0.9890319534922204
21.231915957978988,0.9883393596020007
21.2456228114057,0.9893881478480107
21.259329664832414,0.9857743729561209
21.27303651825913,0.9856683787367349
21.28674337168584,0.9842704930371255
21.300450225112556,0.9824546900137033
21.314157078539267,0.9837887560855203
21.327863931965982,0.9836248051957466
21.341570785392694,0.9838517678743945
21.35527763881941,0.985000291414466
21.36898449224612,0.9851216790323931
21.382691345672836,0.9849928165594856
21.396398199099547,0.9871877973541033
21.410105052526262,0.9873973286240176
21.423811905952974,0.9909228664667351
21.43751875937969,0.9920089260766373
21.4512256128064,0.9942825335681996
21.464932466233115,0.9967976096872551
21.478639319659827,0.9992123124171423
21.492346173086542,1.002841378722223
21.506053026513253,1.0052800905035462
21.51975987993997,1.0065558058000847
21.53346673336668,1.009563603689264
21.547173586793395,1.0106195165890859
21.560880440220107,1.0126239207054841
21.57458729364682,1.0157818362744808
21.588294147073533,1.0155018329286996
21.60200100050025,1.0183323829794357
21.61570785392696,1.0189974669637976
21.629414707353675,1.0178887743647274
21.643121560780386,1.0184593676151823
21.6568284142071,1.0168465542197305
21.670535267633817,1.0184232660627732
21.684242121060528,1.016602357389117
21.697948974487243,1.0160009576435098
21.711655827913955,1.0131732567550973
21.72536268134067,1.0144566345498731
21.73906953476738,1.0124525940168887
21.752776388194096,1.011582054966363
21.766483241620808,1.0101446648775783
21.780190095047523,1.0097241956016068
21.793896948474234,1.009085188996818
21.80760380190095,1.007547341881522
21.82131065532766,1.0086854946633974
21.835017508754376,1.0087279324317167
21.848724362181088,1.0084661039789835
21.862431215607803,1.0082165795900702
21.876138069034514,1.008554142371581
21.88984492246123,1.00934825120204
21.90355177588794,1.0094411178981828
21.917258629314656,1.0086250133073058
21.930965482741367,1.0101794155025772
21.944672336168082,1.0109699013358318
21.958379189594794,1.010560461824136
21.97208604302151,1.0113198423681182
21.98579289644822,1.0117500040017002
21.999499749874936,1.0101762440945412
22.013206603301647,1.0107832342804635
22.026913456728362,1.0089023659136562
22.040620310155074,1.0095321377918303
22.05432716358179,1.0060540778636065
22.068034017008504,1.00488830624927
22.081740870435215,1.0039184099896528
22.09544772386193,1.0011486741118822
22.109154577288642,0.9996487867707234
22.122861430715357,0.9970757995502093
22.13656828414207,0.9957497870560539
22.150275137568784,0.991709824740129
22.163981990995495,0.9892921240609993
22.17768884442221,0.987331806815556
22.19139569784892,0.9849358865671168
22.205102551275637,0.9851406982995786
22.21880940470235,0.981660752955761
22.232516258129063,0.9811074073788755
22.246223111555775,0.97941719453616
22.25992996498249,0.9780679337048869
22.2736368184092,0.9807389789998385
22.287343671835917,0.9778116147589347
22.301050525262628,0.978725684814924
22.314757378689343,0.9802612961325009
22.328464232116055,0.981166351203909
22.34217108554277,0.9827725406639981
22.35587793896948,0.9833871631057195
22.369584792396196,0.9856095351591151
22.383291645822908,0.9877832357873194
22.396998499249623,0.9882818996441276
22.410705352676334,0.9898653004272774
22.42441220610305,0.9897296973659907
22.43811905952976,0.9909703597132512
22.451825912956476,0.9941791440727964
22.46553276638319,0.9933570615525571
22.479239619809903,0.9933013765670082
22.492946473236618,0.994534365162168
22.50665332666333,0.9955969278494897
22.520360180090044,0.9955770367164942
22.534067033516756,0.9963449007310944
22.54777388694347,0.9952278465771341
22.561480740370182,0.9958163718790569
22.575187593796898,0.9942714835192292
22.58889444722361,0.9959443284929267
22.602601300650324,0.9959530774073982
22.616308154077036,0.9962085609391086
22.63001500750375,0.9951224676343372
22.643721860930462,0.9958460136086598
22.657428714357177,0.9945224581109302
22.67113556778389,0.9960504300178575
22.684842421210604,0.9965638364287631
22.698549274637315,0.9981112093550344
22.71225612806403,0.9983617071773437
22.725962981490742,0.9998807355454847
22.739669834917457,1.0015548550028806
22.75337668834417,1.0038049251087149
22.767083541770884,1.0062865301006618
22.780790395197595,1.008797734642707
22.79449724862431,1.0100399817286005
22.808204102051022,1.0128031108112376
22.821910955477737,1.0152450090197565
22.83561780890445,1.0176181274265441
22.849324662331163,1.0198379517216571
22.86303151575788,1.0204183842932406
22.87673836918459,1.0222181656193503
22.890445222611305,1.0223943945862277
22.904152076038017,1.0229919004999124
22.91785892946473,1.0236499343291117
22.931565782891443,1.0227831824355602
22.94527263631816,1.0213866332971613
22.95897948974487,1.0218164496493618
22.972686343171585,1.019521635296201
22.986393196598296,1.0179315126526323
23.00010005002501,1.0161797523831035
23.013806903451723,1.0155231464189176
23.027513756878438,1.0137095076047618
23.04122061030515,1.0122790044987735
23.054927463731865,1.0085366070631478
23.068634317158576,1.007084484062591
23.08234117058529,1.0049294773405981
23.096048024012003,1.0030489261830682
23.109754877438718,1.0048710378875305
23.12346173086543,1.001087473071709
23.137168584292144,1.0008196170528567
23.150875437718856,0.9995088149778701
23.16458229114557,0.9986354400692729
23.178289144572283,0.9987763874388166
23.191995997998998,0.9977849421964842
23.20570285142571,0.9987882937425168
23.219409704852424,0.9990213625755094
23.233116558279136,0.9985718533644101
23.24682341170585,0.9991277872046105
23.260530265132566,0.9990502656117581
23.274237118559277,0.9992145627471675
23.287943971985992,0.9995004940455009
23.301650825412704,0.9993632759636798
23.31535767883942,0.9994913857290417
23.32906453226613,0.9974863959570374
23.342771385692846,0.9979765611988889
23.356478239119557,0.997174500518409
23.370185092546272,0.9959495527173442
23.383891945972984,0.9942434572455187
23.3975987993997,0.9938443372904998
23.41130565282641,0.9914790733303599
23.425012506253125,0.9896737655518167
23.438719359679837,0.9879047207785204
23.452426213106552,0.9857976613367463
23.466133066533263,0.9825661082684022
23.47983991995998,0.9831753076555277
23.49354677338669,0.9815514992053248
23.507253626813405,0.9795828728104743
23.520960480240117,0.9791109705218278
23.53466733366683,0.977842720755828
23.548374187093543,0.9766988337289874
23.56208104052026,0.9778359674745595
23.57578789394697,0.9780484639975582
23.589494747373685,0.9781805279610803
23.603201600800396,0.9810840944514806
23.61690845422711,0.9809659243472365
23.630615307653823,0.9830299298190761
23.644322161080538,0.9837903840159056
23.65802901450725,0.9868120724838614
23.671735867933965,0.9886930423757094
23.68544272136068,0.9897684922531782
23.69914957478739,0.9943166991057708
23.712856428214106,0.9954243689657307
23.726563281640818,0.9964476394112942
23.740270135067533,0.9989899842570329
23.753976988494244,1.0014545043135847
23.76768384192096,1.0037877246364963
23.78139069534767,1.0052254727666619
23.795097548774386,1.0054600904775106
23.808804402201098,1.0070835502080187
23.822511255627813,1.0082224571561011
23.836218109054524,1.0149059230228594
23.84992496248124,1.0086937632576118
23.86363181590795,1.0084672080254022
23.877338669334666,1.0079729359623113
23.891045522761377,1.0079398761951648
23.904752376188092,1.0059877303797256
23.918459229614804,1.0075090063327299
23.93216608304152,1.006176438811307
23.94587293646823,1.0057939356401238
23.959579789894946,1.0057434766100146
23.973286643321657,1.0072112747520197
23.986993496748372,1.0057691022173292
24.000700350175084,1.0056626244546605
24.0144072036018,1.0077818283588704
24.02811405702851,1.0080578815267291
24.041820910455225,1.0083749294746926
24.055527763881937,1.0103889273213227
24.069234617308652,1.0111575863319182
24.082941470735367,1.0117924174768531
24.09664832416208,1.0122052703555915
24.110355177588794,1.0147087052506123
24.124062031015505,1.0162274819432433
24.13776888444222,1.0169247729167379
24.15147573786893,1.0189210323400133
24.165182591295647,1.018366552764796
24.17888944472236,1.021255154225023
24.192596298149073,1.0197860142239465
24.206303151575785,1.0186234675393426
24.2200100050025,1.0206807454323499
24.23371685842921,1.0185519973296526
24.247423711855927,1.0178980905385682
24.261130565282638,1.0164975300933587
24.274837418709353,1.0157359427225985
24.288544272136065,1.0130907881590143
24.30225112556278,1.0130088818298102
24.31595797898949,1.0081610411525168
24.329664832416206,1.0051682417749497
24.343371685842918,1.0023380363633363
24.357078539269633,1.000517058588465
24.370785392696344,0.9982359688597203
24.38449224612306,0.9944683086368914
24.39819909954977,0.9934936612164187
24.411905952976486,0.992702236409494
24.425612806403198,0.990059544340388
24.439319659829913,0.9891599789263095
24.453026513256624,0.988442189253947
24.46673336668334,0.9891764501698919
24.480440220110054,0.9860342724447819
24.494147073536766,0.9872380960380628
24.50785392696348,0.9873891397077917
24.521560780390192,0.987062876301076
24.535267633816908,0.988046551923001
24.54897448724362,0.9897239440046971
24.562681340670334,0.9883737003833449
24.576388194097046,0.9894821687376663
24.59009504752376,0.9898475791642954
24.603801900950472,0.9900892127889542
24.617508754377187,0.991598902376688
24.6312156078039,0.9905523374965294
24.644922461230614,0.9896800556693502
24.658629314657325,0.9901145462604228
24.67233616808404,0.9913106384947874
24.686043021510752,0.9910891837359159
24.699749874937467,0.9892556971932006
24.71345672836418,0.9890460966653429
24.727163581790894,0.9883365030963618
24.740870435217605,0.9871808796884948
24.75457728864432,0.9864979851390306
24.768284142071032,0.9866980564667809
24.781990995497747,0.9854146393657058
24.79569784892446,0.9861900137329584
24.809404702351173,0.9844300685072366
24.823111555777885,0.9830989522956426
24.8368184092046,0.9815331298151484
24.85052526263131,0.9838680142408781
24.864232116058027,0.9852236198669965
24.87793896948474,0.9852143667797302
24.891645822911453,0.9863467162242063
24.90535267633817,0.9867670503983077
24.91905952976488,0.9880609427331366
24.932766383191595,0.9901011680301394
24.946473236618306,0.9926145147239416
24.96018009004502,0.9956726978646862
24.973886943471733,0.9976243719591611
24.987593796898448,0.9999584420057619
25.00130065032516,1.002661543353917
25.015007503751875,1.0051694711968358
25.028714357178586,1.0087081898447872
25.0424212106053,1.010998828961631
25.056128064032013,1.0107019069280492
25.069834917458728,1.0136155764262074
25.08354177088544,1.0155951311341875
25.097248624312154,1.0160344168791642
25.110955477738866,1.0165469101245272
25.12466233116558,1.01813517777605
25.138369184592293,1.01803867980566
25.152076038019008,1.0187488810276315
25.16578289144572,1.015964895326303
25.179489744872434,1.0171145520110427
25.193196598299146,1.015011590293172
25.20690345172586,1.0149951630222227
25.220610305152572,1.0134028510249413
25.234317158579287,1.0124236618398426
25.248024012006,1.0114177976725494
25.261730865432714,1.0105482212655525
25.27543771885943,1.009541451208774
25.28914457228614,1.0089795037321867
25.302851425712856,1.0081695308477414
25.316558279139567,1.008653972677683
25.330265132566282,1.007314239380776
25.343971985992994,1.008239910962172
25.35767883941971,1.00724972273675
25.37138569284642,1.0067282955467425
25.385092546273135,1.008982892774696
25.398799399699847,1.008349335328182
25.412506253126562,1.0094245847760888
25.426213106553273,1.0104426277320282
25.43991995997999,1.010399708162736
25.4536268134067,1.0105721948719977
25.467333666833415,1.0114850203798538
25.481040520260127,1.0110942487447159
25.49474737368684,1.011859706611096
25.508454227113553,1.012461202647684
25.52216108054027,1.0104409374281789
25.53586793396698,1.007884333721135
25.549574787393695,1.0086460652912703
25.563281640820406,1.0074012233594667
25.57698849424712,1.0047741334314737
25.590695347673833,1.003488768559234
25.604402201100548,0.9997713201332062
25.61810905452726,0.999005665265104
25.631815907953975,0.9954665557806058
25.645522761380686,0.993495092030222
25.6592296148074,0.9904059493717352
25.672936468234116,0.9882610838739337
25.686643321660828,0.98688363994975
25.700350175087543,0.9853488886940279
25.714057028514254,0.9817290753847169
25.72776388194097,0.9807156567435028
25.74147073536768,0.9802154436411629
25.755177588794396,0.9791886144570979
25.768884442221108,0.9778892127539184
25.782591295647823,0.9781279672365315
25.796298149074534,0.9790221956887961
25.81000500250125,0.9794487192006258
25.82371185592796,0.9798180456501577
25.837418709354676,0.9806614195555918
25.851125562781387,0.9838227110777954
25.864832416208102,0.9838419749160144
25.878539269634814,0.9856236129257487
25.89224612306153,0.9880121753465717
25.90595297648824,0.9884680976752445
25.919659829914956,0.9891868190025601
25.933366683341667,0.992192565456446
25.947073536768382,0.9911359571774151
25.960780390195094,0.9932051651144171
25.97448724362181,0.9940998322645304
25.98819409704852,0.9924367524880813
26.001900950475235,0.995161436266482
26.015607803901947,0.9960856852374275
26.029314657328662,0.9967599935560961
26.043021510755374,0.9959385716948373
26.05672836418209,0.9945786864567715
26.070435217608804,0.9945026607085767
26.084142071035515,0.9946260552687863
26.09784892446223,0.9950599269477935
26.11155577788894,0.9944022789235611
26.125262631315657,0.9952969656034862
26.13896948474237,0.9936427609862365
26.152676338169083,0.9940445424891277
26.166383191595795,0.9962616386175408
26.18009004502251,0.9957887677505844
26.19379689844922,0.9969861989579485
26.207503751875937,0.9959962295018059
26.221210605302648,0.9986352920001406
26.234917458729363,1.0011981440348168
26.248624312156075,1.003885020308551
26.26233116558279,1.0055274954905962
26.2760380190095,1.0080218640159928
26.289744872436216,1.0080083219021385
26.303451725862928,1.0118118407454986
26.317158579289643,1.0142100372672753
26.330865432716354,1.015482345315801
26.34457228614307,1.0171529980098268
26.35827913956978,1.0198652805516377
26.371985992996496,1.020306285799894
26.385692846423208,1.0223335598406027
26.399399699849923,1.0227805889529697
26.413106553276634,1.0218826292332133
26.42681340670335,1.0214654297281305
26.44052026013006,1.0226473537936005
26.454227113556776,1.0224076164813782
26.46793396698349,1.0200125370616635
26.481640820410203,1.0166157342126587
26.495347673836918,1.0171704729571314
26.50905452726363,1.0155498174144872
26.522761380690344,1.013552122352736
26.536468234117056,1.0110945373315015
26.55017508754377,1.0105356633061366
26.563881940970482,1.0081186174478343
26.577588794397197,1.0066950691842975
26.59129564782391,1.004658810450583
26.605002501250624,1.0028332732892349
26.618709354677335,1.0002559009053569
26.63241620810405,1.0018642954511559
26.646123061530762,1.0013758238897263
26.659829914957477,0.9996286699256077
26.67353676838419,0.9988536619412449
26.687243621810904,1.000031959265219
26.700950475237615,0.999208938182505
26.71465732866433,0.9970134056291041
26.728364182091042,0.9984366903365149
26.742071035517757,0.9985926326490411
26.75577788894447,0.9988949309115466
26.769484742371183,0.99954230351017
26.783191595797895,0.9989759397674249
26.79689844922461,0.9996175676035651
26.81060530265132,0.9988040753223092
26.824312156078037,0.9976751769660138
26.838019009504748,0.9985265564352895
26.851725862931463,0.99697229296661
26.865432716358175,0.9971378890128176
26.87913956978489,0.9946475872368598
26.892846423211605,0.9927921557975489
26.906553276638316,0.990792966002513
26.92026013006503,0.9903879852008716
26.933966983491743,0.9880521785611885
26.947673836918458,0.9862032440107271
26.96138069034517,0.9850556631348741
26.975087543771885,0.9837305079350149
26.988794397198596,0.9809586342012006
27.00250125062531,0.9810716985986832
27.016208104052023,0.9791332320076807
27.029914957478738,0.9772829475371141
27.04362181090545,0.9768983672498781
27.057328664332164,0.9771573208678042
27.071035517758876,0.977453813308068
27.08474237118559,0.9781021128693951
27.098449224612303,0.9774546762741684
27.112156078039018,0.980326804213909
27.12586293146573,0.9822571808579967
27.139569784892444,0.9838666679343725
27.153276638319156,0.9862696614813351
27.16698349174587,0.986248126969521
27.180690345172582,0.9897764410547295
27.194397198599297,0.9915515667216495
27.20810405202601,0.9950037529043694
27.221810905452724,0.9956778484618015
27.235517758879435,0.9970975760734938
27.24922461230615,1.0013554369917896
27.262931465732862,1.0026949455564391
27.276638319159577,1.002584332242344
27.290345172586292,1.0052033679881867
27.304052026013004,1.0051609486179685
27.31775887943972,1.0059490660841648
27.33146573286643,1.0066040124012552
27.345172586293145,1.008335732237461
27.358879439719857,1.0077872373988286
27.372586293146572,1.0073584621277112
27.386293146573284,1.007100157857186
27.4,1.0073302724592494
