time,flux
0.0,1.0009880297922102
0.013706853426713355,0.9980538570664022
0.02741370685342671,1.0029093571257925
0.041120560280140064,0.9991069843480128
0.05482741370685342,0.996466946613507
0.06853426713356678,0.9995329105530399
0.08224112056028013,1.0022641697648464
0.09594797398699349,0.9983875861369501
0.10965482741370684,0.9973536031612715
0.1233616808404202,1.0018255049942284
0.13706853426713356,1.0043470339978295
0.1507753876938469,1.0019743864847952
0.16448224112056026,0.9976546352081195
0.1781890945472736,0.9992335676411179
0.19189594797398699,1.0006655188271112
0.20560280140070034,0.9992897371501933
0.21930965482741369,1.0006992372974832
0.23301650825412704,1.0024096324683522
0.2467233616808404,0.9996283432734409
0.26043021510755376,1.0025900419966647
0.2741370685342671,1.00153326950184
0.28784392196098046,1.0005370758990975
0.3015507753876938,0.9998997164476707
0.31525762881440716,0.9992482386703733
0.3289644822411205,0.9994751910365105
0.34267133566783387,1.0015379577497323
0.3563781890945472,0.9993023203276269
0.3700850425212606,0.9985870767921314
0.38379189594797397,0.9982240162375063
0.3974987493746873,1.001423689088505
0.41120560280140067,1.001356765999764
0.424912456228114,0.9961126824974315
0.43861930965482737,1.0005845114970315
0.4523261630815407,1.0009124715416136
0.46603301650825407,1.0006326915222772
0.4797398699349674,1.0003095754459737
0.4934467233616808,0.998494243188139
0.5071535767883941,0.9968128046360908
0.5208604302151075,1.0001660042660274
0.5345672836418208,0.9974588490488668
0.5482741370685342,0.9997906573837048
0.5619809904952475,0.9942216474318925
0.5756878439219609,1.0023503309085302
0.5893946973486743,1.0014606736782943
0.6031015507753876,1.0011526374248725
0.616808404202101,1.0020879919256125
0.6305152576288143,1.0029042601333762
0.6442221110555277,0.9949279482933796
0.657928964482241,1.0028874131575398
0.6716358179089544,1.0035232412151271
0.6853426713356677,0.9989739740984279
0.6990495247623811,0.9982162676491374
0.7127563781890944,0.9993589221374084
0.7264632316158078,0.9981690152342869
0.7401700850425212,0.9976837391567142
0.7538769384692345,1.002013059292787
0.7675837918959479,0.9993953641648443
0.7812906453226612,1.0004960257836373
0.7949974987493746,1.0009439068613615
0.8087043521760879,0.998906986285844
0.8224112056028013,1.0012760067939563
0.8361180590295146,0.9982322803938428
0.849824912456228,0.9981034513479304
0.8635317658829413,1.0021845678652403
0.8772386193096547,0.9970353986065753
0.8909454727363681,0.9994510098315311
0.9046523261630814,1.0010575906869323
0.9183591795897948,0.9980297275922404
0.9320660330165081,1.0013836835465455
0.9457728864432215,0.9962443745577778
0.9594797398699348,0.9970669826393298
0.9731865932966483,1.000246472633458
0.9868934467233615,1.0038746106095435
1.000600300150075,0.9984722808394122
1.0143071535767882,0.9992162428153059
1.0280140070035018,0.9983949995915796
1.041720860430215,1.0026945805990062
1.0554277138569284,1.0007579424807598
1.0691345672836416,0.9996798012989386
1.0828414207103552,1.00194541996443
1.0965482741370685,1.0015270731718777
1.1102551275637818,1.0059166489075415
1.123961980990495,0.999376968424993
1.1376688344172086,1.0010466031083223
1.1513756878439219,1.0052550577381274
1.1650825412706352,0.9994395119747654
1.1787893946973487,0.9979286421199742
1.192496248124062,1.0016995963895694
1.2062031015507753,1.0011507124236638
1.2199099549774886,1.0014907506850972
1.233616808404202,1.0005224412719558
1.2473236618309154,1.0013991068073564
1.2610305152576287,1.0010248016001444
1.274737368684342,1.0041784570143772
1.2884442221110555,0.9978451024016113
1.3021510755377688,0.9993376633736771
1.315857928964482,1.005532933664388
1.3295647823911956,1.000547327432162
1.3432716358179089,1.0008531577912227
1.3569784892446222,0.9997305254681463
1.3706853426713355,1.0012714595508023
1.384392196098049,1.0018519768125522
1.3980990495247623,0.9985296677600715
1.4118059029514756,1.0035182838738574
1.4255127563781889,0.99438185066227
1.4392196098049024,1.0044307852407017
1.4529264632316157,1.0008049161238326
1.466633316658329,1.0019592657400762
1.4803401700850425,0.9982794000885784
1.4940470235117558,0.9978324395998439
1.507753876938469,0.996876315928365
1.5214607303651824,0.9981578765266433
1.5351675837918959,0.9994152667637622
1.5488744372186092,0.9999146753969772
1.5625812906453225,1.000660716450824
1.5762881440720358,1.004128128557023
1.5899949974987493,0.9997262278873685
1.6037018509254626,0.9995673029190011
1.6174087043521759,1.002170258014084
1.6311155577788894,1.0025410163088302
1.6448224112056027,1.0024478100416356
1.658529264632316,1.0007617614549416
1.6722361180590293,1.000177215361902
1.6859429714857428,1.0004255628241976
1.699649824912456,0.999608339595223
1.7133566783391694,0.9981528822012186
1.7270635317658827,1.0035352443280963
1.7407703851925962,0.9974363649144627
1.7544772386193095,1.003146685804855
1.7681840920460228,1.0024534258378128
1.7818909454727363,0.9986682386120423
1.7955977988994496,1.0005751422827212
1.8093046523261629,0.9996488811670018
1.8230115057528762,1.002385286165557
1.8367183591795897,1.0012011819740145
1.850425212606303,1.0000748424664923
1.8641320660330163,0.99893075396083
1.8778389194597296,0.998882346407338
1.891545772886443,0.9981936431056274
1.9052526263131564,1.003650683103722
1.9189594797398697,0.9954204408648959
1.9326663331665832,0.9974051253375817
1.9463731865932965,1.003002217863143
1.9600800400200098,0.999058888185777
1.973786893446723,1.0005554686396863
1.9874937468734366,0.9992602229172739
2.00120060030015,0.9985902028761054
2.014907453726863,0.9976366030721489
2.0286143071535765,0.9977545999788602
2.04232116058029,1.00178191859582
2.0560280140070035,1.0029569626235875
2.069734867433717,1.0024790964780448
2.08344172086043,1.0031326068895021
2.0971485742871434,1.0049541816293035
2.1108554277138567,1.0004367220500987
2.12456228114057,0.999677544312599
2.1382691345672833,0.9966269520994624
2.1519759879939966,1.000400917836415
2.1656828414207103,0.9995644886007016
2.1793896948474236,1.0015642190179481
2.193096548274137,1.000800175220065
2.20680340170085,1.0033272091118786
2.2205102551275635,1.002193551630469
2.234217108554277,0.9940521947592816
2.24792396198099,0.999465579900442
2.261630815407704,1.000348693257746
2.275337668834417,0.9992365290826553
2.2890445222611304,0.9980160489781972
2.3027513756878437,0.994964841102693
2.316458229114557,0.9955851651012579
2.3301650825412703,0.9989342972448703
2.3438719359679836,1.0010449095295966
2.3575787893946973,0.998425776104396
2.3712856428214106,1.0006785923238242
2.384992496248124,1.0021756619444846
2.3986993496748372,1.0000035049058402
2.4124062031015505,0.9980205384734142
2.426113056528264,1.0016416099371912
2.439819909954977,1.0004779498400436
2.4535267633816904,1.0002541871509123
2.467233616808404,0.999208669673802
2.4809404702351174,1.0019551552416515
2.4946473236618307,0.9997443916607316
2.508354177088544,1.0014601868788948
2.5220610305152573,1.002930867191654
2.5357678839419706,1.0018099130591593
2.549474737368684,0.9972711084602173
2.5631815907953976,1.0005763389459676
2.576888444222111,1.0002751817877127
2.5905952976488242,0.9968584642086518
2.6043021510755375,0.9981519920564608
2.618009004502251,0.9991414347275172
2.631715857928964,1.0009478859374201
2.6454227113556774,1.0046959376318978
2.659129564782391,1.0000168432109369
2.6728364182091044,1.0027843700091932
2.6865432716358177,1.0026682241646638
2.700250125062531,0.998582142065165
2.7139569784892443,0.9965805320542452
2.7276638319159576,0.9995904216753775
2.741370685342671,0.9983890839401339
2.755077538769384,1.0026932998740028
2.768784392196098,1.0000732928031677
2.7824912456228112,0.9978596312716638
2.7961980990495245,0.9980343984897103
2.809904952476238,1.002533648749541
2.823611805902951,1.000900231293188
2.8373186593296644,1.0003455211802428
2.8510255127563777,1.0005512627154973
2.8647323661830915,0.9983711628321342
2.8784392196098048,1.0030418976754123
2.892146073036518,0.9990101478881261
2.9058529264632313,0.99639654973428
2.9195597798899446,1.0021815671830552
2.933266633316658,0.9990130781711212
2.9469734867433712,1.00075439864117
2.960680340170085,1.0004848501092216
2.9743871935967983,1.0027894983073475
2.9880940470235116,1.0018623452726254
3.001800900450225,0.9991163492997965
3.015507753876938,0.997363525243192
3.0292146073036514,1.0009032608518371
3.0429214607303647,0.9993915016254835
3.056628314157078,0.9992916538254718
3.0703351675837918,0.998929624988605
3.084042021010505,1.0017507583781964
3.0977488744372184,0.9976184822756958
3.1114557278639317,1.000980590324498
3.125162581290645,1.0195982572231594
3.1388694347173582,0.9966608502501364
3.1525762881440715,1.0033513839742694
3.1662831415707853,1.0003738855541056
3.1799899949974986,1.001263420254921
3.193696848424212,0.9950401306742472
3.207403701850925,0.9988703382058753
3.2211105552776385,1.000653322279701
3.2348174087043517,0.9983456865813894
3.248524262131065,1.0020647589018579
3.262231115557779,1.001845900888441
3.275937968984492,0.9865732523177843
3.2896448224112054,0.9997382231950226
3.3033516758379187,1.0007052164573038
3.317058529264632,0.9991608752984259
3.3307653826913453,1.0048592607558229
3.3444722361180586,1.0009605192840125
3.358179089544772,0.9976169324115597
3.3718859429714856,0.9995064337241202
3.385592796398199,1.0012020863295685
3.399299649824912,1.0007851694807683
3.4130065032516255,1.0011751769981168
3.4267133566783388,0.9982210823911082
3.440420210105052,0.9981501708157583
3.4541270635317654,0.9994867581935021
3.467833916958479,1.0003771404448532
3.4815407703851924,1.0013944403307773
3.4952476238119057,1.0015685795057467
3.508954477238619,0.9979435056526548
3.5226613306653323,0.9953377917073254
3.5363681840920456,1.0010651598204605
3.550075037518759,0.9930093195608831
3.5637818909454726,0.9969371261620794
3.577488744372186,0.9979994214834329
3.591195597798899,0.9986666543080329
3.6049024512256125,0.9993380108300668
3.6186093046523258,1.002400881626737
3.632316158079039,0.9999570643360122
3.6460230115057524,0.9961585213308484
3.659729864932466,0.9988650402642683
3.6734367183591794,0.9980431498999477
3.6871435717858927,0.9987940207558859
3.700850425212606,0.995961557762402
3.7145572786393193,1.0030005430580178
3.7282641320660326,0.9969137542317599
3.741970985492746,0.9960802924517478
3.755677838919459,1.0008827293882816
3.769384692346173,0.9998137639932321
3.783091545772886,1.0013185512101817
3.7967983991995995,1.0021412978300388
3.810505252626313,0.9985368232548544
3.824212106053026,1.0024318373762848
3.8379189594797394,0.9995643132222983
3.8516258129064527,0.9974352395848854
3.8653326663331664,0.9983816069251862
3.8790395197598797,0.9961040975329444
3.892746373186593,1.0012440624623695
3.9064532266133063,0.9986217932290519
3.9201600800400196,1.0007243191524742
3.933866933466733,1.001730002017307
3.947573786893446,0.9993936852200803
3.96128064032016,1.0015509403796479
3.974987493746873,1.0009653102669822
3.9886943471735865,0.999831741627473
4.0024012006003,0.9943144224964661
4.016108054027013,1.000232766409521
4.029814907453726,0.9953718949626099
4.04352176088044,1.0015309615498171
4.057228614307153,0.9990220005490553
4.070935467733866,1.001706920852251
4.08464232116058,0.9978440859712345
4.098349174587293,1.0009358010496407
4.112056028014007,0.9981825371337819
4.12576288144072,0.9969138332789755
4.139469734867434,0.9991633576623766
4.153176588294147,0.9976259672697058
4.16688344172086,1.0029239261685272
4.1805902951475735,0.9975795689283805
4.194297148574287,1.000794108451585
4.208004002001,1.0006244613882778
4.221710855427713,1.0037204647903473
4.235417708854427,1.0000162355760907
4.24912456228114,1.0013608856558427
4.262831415707853,1.0048732591641105
4.276538269134567,0.9975704139337668
4.29024512256128,0.999070423352559
4.303951975987993,1.0042795553562027
4.317658829414707,1.0025929467774957
4.331365682841421,0.9983429774742766
4.345072536268134,0.9968346952961673
4.358779389694847,0.9980423188324812
4.3724862431215605,1.0008915348527556
4.386193096548274,1.0006024479456355
4.399899949974987,0.9930362129799225
4.4136068034017,1.0000550084960869
4.427313656828414,1.0045764117516942
4.441020510255127,1.001610945858165
4.45472736368184,1.0042077475311615
4.468434217108554,0.9991531092786877
4.482141070535267,1.0005421890891069
4.49584792396198,0.9994548063473238
4.5095547773886935,1.002628038364002
4.523261630815408,0.999520289541412
4.536968484242121,0.998789557165949
4.550675337668834,0.9960261883553437
4.5643821910955475,1.001570203105818
4.578089044522261,0.9976728950897641
4.591795897948974,1.0001982032085426
4.605502751375687,1.0000551453636184
4.619209604802401,1.0020389782175048
4.632916458229114,1.001241934185888
4.646623311655827,1.0011047302098248
4.660330165082541,1.0022336678133916
4.674037018509254,1.001647458969819
4.687743871935967,0.9997878328025339
4.7014507253626805,0.9960118515316265
4.715157578789395,1.0015585871773607
4.728864432216108,0.9950453280254665
4.742571285642821,1.0012854138772969
4.756278139069535,0.9983143637607588
4.769984992496248,0.9977111242418849
4.783691845922961,0.9979357631419622
4.7973986993496744,1.0025209329999156
4.811105552776388,0.9991353987708597
4.824812406203101,0.9978704007883642
4.838519259629814,1.0007313065459325
4.852226113056528,0.9958967468204644
4.865932966483241,0.9989812625268196
4.879639819909954,0.999118451475295
4.8933466733366675,1.0044316268389524
4.907053526763381,0.9974621675411577
4.920760380190095,1.0003763525781009
4.934467233616808,0.995561887858892
4.948174087043522,1.0047298976240508
4.961880940470235,1.0031837204108904
4.975587793896948,0.9969231001146828
4.9892946473236615,0.9985879488967677
5.003001500750375,1.0044618870502133
5.016708354177088,1.000641073938928
5.030415207603801,0.9962941470315019
5.044122061030515,1.0036635870665092
5.057828914457228,0.9977074786701206
5.071535767883941,1.0015418808244494
5.0852426213106545,1.0004838483936345
5.098949474737368,0.9981310834490036
5.112656328164081,0.9966364541961742
5.126363181590795,0.997944601920242
5.140070035017509,1.0046725769607843
5.153776888444222,1.0022975470778503
5.167483741870935,0.996740770064523
5.1811905952976485,0.9986662191828766
5.194897448724362,0.9999320337759753
5.208604302151075,1.0060623307899312
5.222311155577788,1.0011271983908239
5.236018009004502,0.9994941533575933
5.249724862431215,0.9986103640630488
5.263431715857928,1.0023755645847563
5.2771385692846415,1.0042386025381884
5.290845422711355,1.0034397893223632
5.304552276138068,0.9986410948171017
5.318259129564782,1.004215858846976
5.331965982991496,1.0031971179211305
5.345672836418209,0.9980743606062977
5.359379689844922,1.000760302728036
5.3730865432716355,0.9989689288809486
5.386793396698349,0.9944432438999723
5.400500250125062,0.9991066662022527
5.414207103551775,1.0019341349476327
5.427913956978489,1.001341416222692
5.441620810405202,0.9986681069233005
5.455327663831915,1.0018428286840984
5.4690345172586285,0.9998540138175838
5.482741370685342,0.9952193539653323
5.496448224112055,0.999561551544872
5.510155077538768,0.9999765598600104
5.523861930965483,1.0004812528208875
5.537568784392196,1.0012797686445531
5.551275637818909,0.9996255870720445
5.5649824912456225,0.9999750536282547
5.578689344672336,1.0002784521623636
5.592396198099049,0.9971673222214881
5.606103051525762,0.9989755279500966
5.619809904952476,1.0031197736789792
5.633516758379189,0.9955083141891092
5.647223611805902,0.9978961761246484
5.660930465232616,0.9952445670251199
5.674637318659329,0.9968056528053455
5.688344172086042,0.9956709954476081
5.7020510255127554,0.9990065128357156
5.71575787893947,1.0026668265767555
5.729464732366183,0.9990169384046854
5.743171585792896,0.9988442917301886
5.7568784392196095,1.000859698724191
5.770585292646323,1.0013775546380914
5.784292146073036,1.0050845582750971
5.797998999499749,1.0033675457491649
5.811705852926463,1.000800584032755
5.825412706353176,0.9949926486466802
5.839119559779889,1.0046070622904841
5.852826413206603,1.0008111676734834
5.866533266633316,1.0004104587039995
5.880240120060029,1.0046937591226806
5.8939469734867425,1.0018118526763373
5.907653826913456,1.0019790396315436
5.92136068034017,0.9996138386592213
5.935067533766883,0.9998051531870833
5.9487743871935965,0.9990739272753449
5.96248124062031,1.000198072054445
5.976188094047023,0.995825613538347
5.989894947473736,1.000554552090576
6.00360180090045,0.9983523574098458
6.017308654327163,0.9993628474130877
6.031015507753876,1.0018376250097063
6.04472236118059,1.002839374574189
6.058429214607303,1.000646116565706
6.072136068034016,0.9995398059567735
6.0858429214607295,1.0002524120754632
6.099549774887443,0.9977538030669539
6.113256628314156,0.9969284408128058
6.12696348174087,1.0007844481698966
6.1406703351675835,0.9983046987385051
6.154377188594297,1.0008319003761863
6.16808404202101,0.9998036436156844
6.181790895447723,0.9969073203529711
6.195497748874437,0.9972353309772115
6.20920460230115,1.0037333579815304
6.222911455727863,1.001103703198087
6.236618309154577,0.998146346651525
6.25032516258129,0.9991641118208264
6.264032016008003,0.9989331151689619
6.2777388694347165,1.0035144542714742
6.29144572286143,1.0007020315888746
6.305152576288143,0.9976240765735654
6.318859429714857,0.9998067828796509
6.3325662831415706,1.0015093500817165
6.346273136568284,1.0025361381391558
6.359979989994997,1.0042601102509605
6.37368684342171,0.997931090413013
6.387393696848424,0.9974372668600202
6.401100550275137,0.9975724198391822
6.41480740370185,0.9975304040758051
6.428514257128564,1.0003096378943335
6.442221110555277,1.0016802751426468
6.45592796398199,1.000831180808447
6.4696348174087035,1.000227701150625
6.483341670835417,0.9964479178091928
6.49704852426213,1.003560423314387
6.510755377688843,0.9981526686727344
6.524462231115558,0.9996660048090995
6.538169084542271,0.9975799818130787
6.551875937968984,0.9989672295798044
6.5655827913956974,0.999905405872106
6.579289644822411,0.9973311794245967
6.592996498249124,1.0029094369186182
6.606703351675837,0.9998703086874453
6.620410205102551,1.000168730846377
6.634117058529264,0.9970789230796526
6.647823911955977,1.002740173381014
6.6615307653826905,1.0004633417536661
6.675237618809404,0.9988063044183778
6.688944472236117,1.0022735564118903
6.70265132566283,0.9988442740264377
6.716358179089544,0.9994730614983106
6.730065032516258,0.9994530213254593
6.743771885942971,1.0006395551169114
6.7574787393696845,0.9999570561514923
6.771185592796398,0.999297258569878
6.784892446223111,0.9985320648366772
6.798599299649824,1.0067729851334473
6.812306153076538,0.9972801715408631
6.826013006503251,0.997873833465566
6.839719859929964,1.001998863106726
6.8534267133566775,1.0034176014212028
6.867133566783391,1.000096112808102
6.880840420210104,1.0008668768462288
6.894547273636817,1.0028030834260206
6.908254127063531,0.9997152325099098
6.921960980490245,0.9979599295215875
6.935667833916958,1.0000439519219766
6.9493746873436715,0.9981416697279294
6.963081540770385,1.000888684955725
6.976788394197098,1.000583156767311
6.990495247623811,1.0006271978231858
7.004202101050525,1.0009950403710985
7.017908954477238,0.996484289685643
7.031615807903951,1.000641038248888
7.0453226613306645,1.0013056017159263
7.059029514757378,1.002161320758072
7.072736368184091,0.9979215568707742
7.086443221610804,1.0013107779586803
7.100150075037518,0.9957775188178734
7.113856928464231,0.9994539913702636
7.127563781890945,1.003917368639859
7.1412706353176585,0.9988316503932289
7.154977488744372,0.9984873648126302
7.168684342171085,1.0029661538088719
7.182391195597798,1.0016456122133304
7.196098049024512,0.9998823738522616
7.209804902451225,1.0044908763957219
7.223511755877938,1.0006132264333016
7.2372186093046516,0.999287809543202
7.250925462731365,1.0039469025995176
7.264632316158078,1.0028178631319205
7.278339169584791,1.0030801729136418
7.292046023011505,1.0018739692241223
7.305752876438218,0.9940861686118616
7.319459729864932,1.0023213250232132
7.3331665832916455,1.0006149473574364
7.346873436718359,1.0025053052465753
7.360580290145072,0.9993382397773255
7.374287143571785,1.0004034221127394
7.387993996998499,1.0016178818541503
7.401700850425212,1.003187432360157
7.415407703851925,1.003852287952351
7.429114557278639,0.9991462918174526
7.442821410705352,0.9971150505387255
7.456528264132065,1.0001262431379818
7.4702351175587784,1.0024932534871287
7.483941970985492,0.99703412959255
7.497648824412205,0.9964694051567464
7.511355677838918,0.9973213880406498
7.5250625312656325,1.0024088700612994
7.538769384692346,1.0023551885900739
7.552476238119059,1.0026625541126142
7.566183091545772,0.9998224740567333
7.579889944972486,1.00103939202032
7.593596798399199,1.002291051500936
7.607303651825912,0.9953741949029437
7.621010505252626,1.0015006217407276
7.634717358679339,1.0001709201149276
7.648424212106052,0.9940060426302854
7.6621310655327655,1.0033475016405364
7.675837918959479,0.9997155297622959
7.689544772386192,0.9982538532615373
7.703251625812905,1.0006858715502385
7.716958479239619,0.9969522622424056
7.730665332666333,0.9979225059879252
7.744372186093046,1.002802215955918
7.758079039519759,1.000063834581622
7.771785892946473,1.0017618573509892
7.785492746373186,1.0014411448327254
7.799199599799899,0.9987712809319351
7.812906453226613,0.9998893535549556
7.826613306653326,0.9979862320759278
7.840320160080039,0.9990583192541436
7.8540270135067525,0.9989465834713877
7.867733866933466,0.9982377489189804
7.881440720360179,0.9983495966387596
7.895147573786892,0.9999950862030761
7.908854427213606,1.0004666249725078
7.92256128064032,0.9982767046025652
7.936268134067033,0.9976009521830738
7.949974987493746,1.0019167825777766
7.96368184092046,0.9975289963500107
7.977388694347173,0.9992360344213197
7.991095547773886,1.0011301343781511
8.0048024012006,0.9975840773133581
8.018509254627313,1.00086381090542
8.032216108054026,0.9999882255999583
8.04592296148074,1.0030505504766118
8.059629814907453,1.0030713742487214
8.073336668334166,1.0008144830116479
8.08704352176088,1.0000501331164229
8.100750375187593,1.0025775732213245
8.114457228614306,1.0018281027358982
8.12816408204102,0.9982820077894801
8.141870935467733,0.9991590385458878
8.155577788894446,1.0019628466387014
8.16928464232116,1.002607448842631
8.182991495747872,1.000351276730122
8.196698349174586,0.9963852956497954
8.210405202601299,0.9989395862022806
8.224112056028014,1.0037461596319892
8.237818909454727,0.9969797621790293
8.25152576288144,1.0029943785245476
8.265232616308154,0.9981471519935092
8.278939469734867,1.0007614814814831
8.29264632316158,0.9971658096136221
8.306353176588294,0.9984277428788
8.320060030015007,0.9996149123523197
8.33376688344172,1.0021309196670085
8.347473736868434,1.0004670053189357
8.361180590295147,0.9992417448163214
8.37488744372186,0.9989552655117128
8.388594297148574,1.001636733134122
8.402301150575287,1.0019978037527322
8.416008004002,0.9988150565705459
8.429714857428714,1.0008463949827928
8.443421710855427,0.9998756476732203
8.45712856428214,0.9998303916697822
8.470835417708853,0.996987051072669
8.484542271135567,0.9998070476104017
8.49824912456228,0.9965520163456344
8.511955977988993,1.00306819599179
8.525662831415707,0.9987789753732313
8.53936968484242,0.9971064705792665
8.553076538269133,0.9979421743725636
8.566783391695846,0.9992597218915856
8.58049024512256,0.9986749026278674
8.594197098549273,1.0032500654640844
8.607903951975986,1.0015537509327845
8.6216108054027,0.9981571160036936
8.635317658829415,1.0023826916034417
8.649024512256128,0.9988574545763407
8.662731365682841,0.9997475474891585
8.676438219109555,1.0008374672970084
8.690145072536268,1.0019702102903343
8.703851925962981,0.9968979216345101
8.717558779389694,1.0019100141596111
8.731265632816408,0.9975159966319104
8.744972486243121,0.9991680329327719
8.758679339669834,0.9980027850091742
8.772386193096548,1.002925858009642
8.786093046523261,1.0020584291646175
8.799799899949974,0.9974610563819221
8.813506753376688,1.0008462698653955
8.8272136068034,1.0021584959931853
8.840920460230114,1.001455181517315
8.854627313656827,0.9997137916323441
8.86833416708354,1.0047579240021849
8.882041020510254,0.9959835139044697
8.895747873936967,0.9987977075180308
8.90945472736368,1.002291086298693
8.923161580790394,1.0009286310834677
8.936868434217107,0.9985229987810327
8.95057528764382,1.0000547674232882
8.964282141070534,0.998357122536124
8.977988994497247,0.998263522163879
8.99169584792396,1.0043929566678154
9.005402701350674,1.0038712176523878
9.019109554777387,1.0016157544652573
9.032816408204102,1.00473216704735
9.046523261630815,1.0010855668632674
9.060230115057529,0.9997812160572718
9.073936968484242,1.002415898868387
9.087643821910955,0.9978097955913272
9.101350675337669,1.0018222936509624
9.115057528764382,0.999078738116852
9.128764382191095,0.9977040356494355
9.142471235617808,1.0055382677743179
9.156178089044522,1.0014542403757702
9.169884942471235,0.9985228877137792
9.183591795897948,0.9981066747697308
9.197298649324662,0.9994943419104162
9.211005502751375,1.0007560273813985
9.224712356178088,1.0000647118968486
9.238419209604801,1.0011550734843295
9.252126063031515,1.0011399729428239
9.265832916458228,1.002106322453242
9.279539769884941,0.9974712825981977
9.293246623311655,1.0035834079696793
9.306953476738368,1.0001844396976576
9.320660330165081,0.9997275905487623
9.334367183591795,0.9984472389039424
9.348074037018508,1.0010457939132351
9.361780890445221,1.0022955912885771
9.375487743871934,1.0004102997271138
9.389194597298648,0.9990754252212058
9.402901450725361,0.9985646485892044
9.416608304152074,0.9979996286396443
9.43031515757879,1.0002958586383335
9.444022011005503,1.0039228769670228
9.457728864432216,0.9969752755288007
9.47143571785893,1.0024056241001076
9.485142571285643,1.0025508921766069
9.498849424712356,0.9985260537815007
9.51255627813907,0.9996129492966763
9.526263131565782,1.0026449487947435
9.539969984992496,0.9983088978108249
9.553676838419209,1.0002424510821122
9.567383691845922,0.9977605349779228
9.581090545272636,0.9983079502744894
9.594797398699349,0.9982162430459184
9.608504252126062,1.0015708690829332
9.622211105552775,0.9978472247460866
9.635917958979489,0.9999050286827091
9.649624812406202,0.996581225336274
9.663331665832915,0.9994467306185668
9.677038519259629,1.001932348481473
9.690745372686342,1.0005079711152935
9.704452226113055,0.9997509086929932
9.718159079539769,0.9995495916801908
9.731865932966482,0.999911862647011
9.745572786393195,0.9987625017368487
9.759279639819908,1.0009707991190446
9.772986493246622,0.996062941104736
9.786693346673335,0.9998880120429285
9.800400200100048,1.0055096130601688
9.814107053526762,1.0010027050375665
9.827813906953477,1.0015235955120434
9.84152076038019,1.0031063775511644
9.855227613806903,0.9992759248296033
9.868934467233617,1.0007816989498504
9.88264132066033,1.0029729326697443
9.896348174087043,1.0012711259890994
9.910055027513756,0.9988776909700655
9.92376188094047,0.9952051940196106
9.937468734367183,0.9988271252723367
9.951175587793896,0.9961579240923827
9.96488244122061,0.9981005123408763
9.978589294647323,1.0007173976404287
9.992296148074036,1.0031704817023468
10.00600300150075,0.999558394704071
10.019709854927463,0.9966812371391672
10.033416708354176,1.0001420962986192
10.04712356178089,0.9963524588251058
10.060830415207603,1.0032852698017123
10.074537268634316,1.0003426517674372
10.08824412206103,1.0043749857103637
10.101950975487743,0.9986877386869494
10.115657828914456,1.0026889930658218
10.12936468234117,0.9965787930875949
10.143071535767882,1.0011160825124368
10.156778389194596,1.0055648663328958
10.170485242621309,1.0006060493182072
10.184192096048022,0.9997357732932575
10.197898949474736,0.9992236501767056
10.211605802901449,1.0016483656472335
10.225312656328162,1.0010370872765353
10.239019509754877,0.9998347671007114
10.25272636318159,1.0003919177005152
10.266433216608304,0.9964514978775416
10.280140070035017,1.0030967971702713
10.29384692346173,0.9994475243754131
10.307553776888444,0.9967824772657533
10.321260630315157,0.9960607140977795
10.33496748374187,0.9993552164263255
10.348674337168584,1.0012932528588674
10.362381190595297,0.9996311689022593
10.37608804402201,1.0010671761733316
10.389794897448724,0.998326856878346
10.403501750875437,0.9962412890818476
10.41720860430215,1.0026558016244012
10.430915457728863,0.9999969363136085
10.444622311155577,1.002842885775573
10.45832916458229,1.001685026505925
10.472036018009003,1.0011824129983973
10.485742871435717,1.0022700966514917
10.49944972486243,0.9954554538382951
10.513156578289143,1.0011811421090773
10.526863431715856,0.9998072746277467
10.54057028514257,0.9979884337032359
10.554277138569283,1.0003987621082702
10.567983991995996,0.99654801256449
10.58169084542271,0.9979386912344457
10.595397698849423,0.9995316912243725
10.609104552276136,1.0002296051890769
10.62281140570285,1.0015208198383316
10.636518259129565,1.0020715548388857
10.650225112556278,0.9956469357757546
10.663931965982991,1.0028572935541464
10.677638819409704,0.9997572206644552
10.691345672836418,0.9987511650401824
10.705052526263131,1.0009859268381978
10.718759379689844,1.0003670239849725
10.732466233116558,1.0021707141971619
10.746173086543271,1.0000562375045288
10.759879939969984,1.0023355025887737
10.773586793396698,1.0014961862166498
10.78729364682341,0.9975452161773929
10.801000500250124,1.0056063045127603
10.814707353676837,0.9949705255081165
10.82841420710355,1.00264962740964
10.842121060530264,1.0011122607712655
10.855827913956977,0.9953757153197086
10.86953476738369,1.0032737880627645
10.883241620810404,1.0004811292493412
10.896948474237117,1.0015390464595844
10.91065532766383,0.9984773213806157
10.924362181090544,1.001325969678905
10.938069034517257,0.9975682196200076
10.95177588794397,0.9963376553356186
10.965482741370684,1.0000343821739535
10.979189594797397,0.9998355937703337
10.99289644822411,0.9987687291551025
11.006603301650824,1.0027044745040588
11.020310155077537,1.000486469196263
11.034017008504252,1.0000296153134796
11.047723861930965,0.999322833668196
11.061430715357679,1.0006977719588015
11.075137568784392,0.9999725707332797
11.088844422211105,1.0042057828735906
11.102551275637818,0.9965760540213772
11.116258129064532,0.9973224337396694
11.129964982491245,0.9971065513783619
11.143671835917958,0.99900675895597
11.157378689344672,1.0010976468387163
11.171085542771385,0.9977961556091401
11.184792396198098,1.0042186336882206
11.198499249624811,1.0043605106115803
11.212206103051525,0.9989514733872726
11.225912956478238,0.99707163437355
11.239619809904951,0.9952336662031749
11.253326663331665,0.9975246721565584
11.267033516758378,0.9976115936672229
11.280740370185091,0.9979563441667515
11.294447223611805,1.0029642794208011
11.308154077038518,1.0009424794362871
11.321860930465231,1.002991271490819
11.335567783891944,1.0040181310226381
11.349274637318658,0.9965170443162268
11.362981490745371,0.999264149206278
11.376688344172084,1.000078285302761
11.390395197598798,0.9998039338658581
11.404102051025511,0.9953426566423847
11.417808904452224,1.0002674048885314
11.43151575787894,1.002315910429403
11.445222611305653,1.000881548551042
11.458929464732366,0.9992871557058908
11.47263631815908,1.003815448514328
11.486343171585792,0.997914109465736
11.500050025012506,1.0013849290104782
11.513756878439219,1.0013946589087073
11.527463731865932,1.0012390297475873
11.541170585292646,0.9984971793548699
11.554877438719359,0.9978940422921507
11.568584292146072,1.0000978820162394
11.582291145572785,0.9976030962111991
11.595997998999499,0.9994552262162751
11.609704852426212,0.9986339581510354
11.623411705852925,1.0011946992569865
11.637118559279639,1.0013169796473869
11.650825412706352,0.9973739685102289
11.664532266133065,0.9993332161867671
11.678239119559779,1.0011883584676762
11.691945972986492,0.9949350094496683
11.705652826413205,1.0060718486175564
11.719359679839918,1.000942792262218
11.733066533266632,1.0000843525835295
11.746773386693345,0.9990691694002508
11.760480240120058,1.0032474872375927
11.774187093546772,0.9935453935879894
11.787893946973485,1.0022115438531403
11.801600800400198,1.0014231118124117
11.815307653826912,0.999723651938768
11.829014507253625,1.0038263886770464
11.84272136068034,1.0013698875212376
11.856428214107053,0.9996285507733108
11.870135067533766,1.0009208100722906
11.88384192096048,1.0000244607235962
11.897548774387193,0.9952693091141213
11.911255627813906,0.9961856867094495
11.92496248124062,1.002546723148576
11.938669334667333,1.0011166561346216
11.952376188094046,1.0008114825454
11.96608304152076,1.0007189420536031
11.979789894947473,1.0013521948852058
11.993496748374186,0.9989381872843938
12.0072036018009,0.9998460600320951
12.020910455227613,1.0014444513995082
12.034617308654326,1.0034453226657423
12.04832416208104,1.0019725211996582
12.062031015507753,0.9967684509684198
12.075737868934466,1.0034139491791445
12.08944472236118,1.0023519047910228
12.103151575787892,0.9979703566374444
12.116858429214606,1.00178705811087
12.130565282641319,0.996642856619991
12.144272136068032,1.0001578699081999
12.157978989494746,0.9974847799716275
12.171685842921459,0.9998883848078475
12.185392696348172,1.0030164395174717
12.199099549774886,0.9957749864844498
12.212806403201599,0.9991984586226099
12.226513256628312,0.9992507537119719
12.240220110055027,1.0011942961335163
12.25392696348174,1.0005551857622466
12.267633816908454,1.0013241027311297
12.281340670335167,0.9988427444285469
12.29504752376188,1.0007332600374095
12.308754377188594,0.9970482343908268
12.322461230615307,0.9997208935780424
12.33616808404202,1.001361830280444
12.349874937468734,0.9980808076156513
12.363581790895447,1.0010954119536457
12.37728864432216,1.0018791563121598
12.390995497748873,1.0020220349652065
12.404702351175587,1.0009464798574108
12.4184092046023,1.0000022285679717
12.432116058029013,1.0004038982274828
12.445822911455727,0.9997453067305574
12.45952976488244,0.9994992026711422
12.473236618309153,0.9979665548815653
12.486943471735866,1.0005850261535214
12.50065032516258,1.0005005180848607
12.514357178589293,1.0040827323629153
12.528064032016006,1.0025091599504468
12.54177088544272,1.0016054067719382
12.555477738869433,0.9969544679457277
12.569184592296146,1.0002729385591458
12.58289144572286,1.0035836117351722
12.596598299149573,1.0039341851332715
12.610305152576286,1.0042810830363027
12.624012006003,1.0000610732049406
12.637718859429715,1.0018215626615379
12.651425712856428,0.9983461942613573
12.665132566283141,1.0012447195445444
12.678839419709854,1.0030511745920225
12.692546273136568,1.0030967803272894
12.706253126563281,0.9987721897272651
12.719959979989994,1.0005253708575697
12.733666833416708,0.9946960283794476
12.74737368684342,1.001081315936333
12.761080540270134,1.0023480573144181
12.774787393696847,1.0017581625066487
12.78849424712356,0.9989435370177777
12.802201100550274,1.000522873487927
12.815907953976987,1.003986962592398
12.8296148074037,1.0010747552353292
12.843321660830414,0.9991502738533361
12.857028514257127,1.0018984473788983
12.87073536768384,0.9972345496840952
12.884442221110554,1.0000978698353686
12.898149074537267,1.0030108023851692
12.91185592796398,1.0029471001082226
12.925562781390694,0.9993920918320274
12.939269634817407,0.9962424315297497
12.95297648824412,0.9958932049220819
12.966683341670834,0.9992449311224512
12.980390195097547,0.9999398191331831
12.99409704852426,1.002017808843817
13.007803901950973,1.0034122124571736
13.021510755377687,1.0017736525793397
13.035217608804402,1.0045540270376616
13.048924462231115,1.0014193093190953
13.062631315657828,1.0039137895757235
13.076338169084542,1.0021805216342017
13.090045022511255,1.0012096176915448
13.103751875937968,1.0015059746578638
13.117458729364682,1.0009110174165232
13.131165582791395,1.0032905941164818
13.144872436218108,1.00014389716998
13.158579289644821,1.0005842802415679
13.172286143071535,0.999716733847906
13.185992996498248,1.0018190279265726
13.199699849924961,1.0018354319453087
13.213406703351675,1.0005434510607103
13.227113556778388,1.002222461842562
13.240820410205101,1.0029685741458907
13.254527263631815,0.9998781448913784
13.268234117058528,0.9946495988426413
13.281940970485241,1.0041174254513119
13.295647823911954,1.003348680543204
13.309354677338668,0.9982203920258165
13.323061530765381,0.9976197401682043
13.336768384192094,1.001866381572784
13.350475237618808,0.9971209843365052
13.364182091045521,1.0054930299308589
13.377888944472234,0.9974465392903236
13.391595797898947,1.0040638533492645
13.40530265132566,0.9991917582466687
13.419009504752374,1.0003878856349997
13.432716358179087,1.0046483953985477
13.446423211605802,1.0029108667126994
13.460130065032516,0.9994814997682566
13.473836918459229,0.9979880285858428
13.487543771885942,1.0020449981148511
13.501250625312656,0.9994010966132288
13.514957478739369,0.9982760565169517
13.528664332166082,1.0064237898292003
13.542371185592796,0.9960560350598047
13.556078039019509,1.0021659902666689
13.569784892446222,1.0012934676942364
13.583491745872935,0.9966604961003329
13.597198599299649,1.0002097711892826
13.610905452726362,0.9964991848265846
13.624612306153075,0.9984418453277385
13.638319159579789,0.9986540197674915
13.652026013006502,0.9978468007336491
13.665732866433215,0.9995832808086448
13.679439719859928,1.002212233616415
13.693146573286642,0.9992083454888048
13.706853426713355,1.0015595394635166
13.720560280140068,0.9978343011446295
13.734267133566782,0.9996170499508409
13.747973986993495,1.0006879073201438
13.761680840420208,0.9981722779346031
13.775387693846922,0.9966385709629422
13.789094547273635,1.0080116402030892
13.802801400700348,0.9978699931068679
13.816508254127061,0.9956982767300142
13.830215107553775,1.0001781507856007
13.84392196098049,0.9977662322547534
13.857628814407203,0.9971709606553967
13.871335667833916,0.9989584985991048
13.88504252126063,1.0004461154657982
13.898749374687343,1.0014195134173234
13.912456228114056,0.999112126080839
13.92616308154077,0.9939700560702794
13.939869934967483,1.0003263366950708
13.953576788394196,0.9976514339305554
13.96728364182091,0.9998534405113912
13.980990495247623,1.0035826429326
13.994697348674336,1.002287151468055
14.00840420210105,1.0019026871001064
14.022111055527763,0.9988509043610817
14.035817908954476,1.0002822641080096
14.04952476238119,0.9973974891340268
14.063231615807902,1.0021776713774049
14.076938469234616,0.9994042190067189
14.090645322661329,1.0009757712087033
14.104352176088042,0.9991270748507868
14.118059029514756,0.9983687529866626
14.131765882941469,1.002270150644028
14.145472736368182,0.9986741309793324
14.159179589794896,1.0010199962284205
14.172886443221609,0.9988148617032334
14.186593296648322,1.0031243990182355
14.200300150075035,0.9949919317066173
14.214007003501749,0.9958189702119599
14.227713856928462,1.002207360149216
14.241420710355177,1.004038252584744
14.25512756378189,0.9968944612661307
14.268834417208604,1.001944074546623
14.282541270635317,0.9993742411064301
14.29624812406203,0.9990418785962991
14.309954977488744,1.0000599450581344
14.323661830915457,1.0022451294980783
14.33736868434217,1.0063793856867032
14.351075537768883,0.998192284844826
14.364782391195597,0.9975198211555553
14.37848924462231,1.0005164223823202
14.392196098049023,0.9994395008402958
14.405902951475737,0.9989234556918227
14.41960980490245,1.0015709775310262
14.433316658329163,0.9968642879202966
14.447023511755877,1.0052531612525706
14.46073036518259,1.0018276637028618
14.474437218609303,0.9997039233538166
14.488144072036016,1.0004927539690456
14.50185092546273,0.9965052880736865
14.515557778889443,1.000240030893804
14.529264632316156,0.9994809376924446
14.54297148574287,0.9985080079093714
14.556678339169583,0.9993559704260587
14.570385192596296,0.9985132235050024
14.58409204602301,0.9998180716690824
14.597798899449723,1.0033596571429024
14.611505752876436,1.0025804647523997
14.62521260630315,0.9984605187350872
14.638919459729864,1.0029222650434746
14.652626313156578,1.0046425341727876
14.666333166583291,1.0000343070100408
14.680040020010004,0.9989816663834973
14.693746873436718,0.9995046237542103
14.70745372686343,0.9990382775537097
14.721160580290144,1.0030997133647406
14.734867433716857,1.0006783847773388
14.74857428714357,0.9996783631377013
14.762281140570284,1.0010347283611658
14.775987993996997,0.9970097128928807
14.78969484742371,0.9983546078852762
14.803401700850424,0.9992200695823625
14.817108554277137,0.9985471834427575
14.83081540770385,1.0000281779367355
14.844522261130564,1.0017983282855047
14.858229114557277,0.9971286458410257
14.87193596798399,0.9970520209315856
14.885642821410704,0.9979632326662261
14.899349674837417,1.0018589684408734
14.91305652826413,1.004039418136855
14.926763381690844,1.0010394700300715
14.940470235117557,1.0006285127232017
14.95417708854427,0.9954574291493017
14.967883941970983,1.0012051728871052
14.981590795397697,1.000833775187374
14.99529764882441,1.0001667767780946
15.009004502251123,1.0002315263002501
15.022711355677837,1.0003315120298348
15.03641820910455,1.0019644240484655
15.050125062531265,0.9968035169261942
15.063831915957978,0.9999337292676184
15.077538769384692,1.001678197443501
15.091245622811405,1.0003802919288713
15.104952476238118,0.9980401134939453
15.118659329664832,0.999526819977166
15.132366183091545,1.0000384322425326
15.146073036518258,0.9988731659430444
15.159779889944971,0.9979716812566604
15.173486743371685,0.9994430543676386
15.187193596798398,0.9932754427559127
15.200900450225111,1.002850205389004
15.214607303651825,1.0025558947218833
15.228314157078538,1.0022653511950055
15.242021010505251,1.0031870601560864
15.255727863931964,0.9984772566480647
15.269434717358678,1.0037856204898434
15.283141570785391,0.998586923430571
15.296848424212104,1.0018037320034816
15.310555277638818,0.9994944655301867
15.324262131065531,1.0004307927975065
15.337968984492244,1.0024138417062987
15.351675837918958,0.9975449185966523
15.36538269134567,1.0022600341667196
15.379089544772384,1.0014824828389324
15.392796398199097,0.9953120627898665
15.40650325162581,1.000061737227081
15.420210105052524,0.998988853009431
15.433916958479237,1.0005224188527486
15.447623811905952,1.0040044148946563
15.461330665332666,0.9993295767244967
15.475037518759379,1.0030881292882678
15.488744372186092,1.0005330997416269
15.502451225612806,0.9973308372172787
15.516158079039519,1.0034586000144692
15.529864932466232,0.9944460929266999
15.543571785892945,0.9992774844148161
15.557278639319659,0.9999729824205306
15.570985492746372,0.9988110078583667
15.584692346173085,0.9970321963912128
15.598399199599799,1.000994070647674
15.612106053026512,1.0016277329449532
15.625812906453225,1.0001386675501616
15.639519759879938,0.9997724579530223
15.653226613306652,0.9972862387331517
15.666933466733365,0.9979927387023876
15.680640320160078,1.000288746338669
15.694347173586792,0.9919350069393662
15.708054027013505,0.9999153885141838
15.721760880440218,1.0009355436592215
15.735467733866932,1.0011270777056205
15.749174587293645,0.9971818430247104
15.762881440720358,1.0027027865951912
15.776588294147071,1.001419194958923
15.790295147573785,0.9985843930309978
15.804002001000498,0.9970142985416184
15.817708854427211,0.9981307218949023
15.831415707853925,1.003140798325848
15.84512256128064,0.9992757440560687
15.858829414707353,1.0002497157170935
15.872536268134066,0.9982296004831026
15.88624312156078,1.0005408473557251
15.899949974987493,1.0018395434803904
15.913656828414206,0.9992031863161333
15.92736368184092,1.0012556075403611
15.941070535267633,1.0030406047648228
15.954777388694346,0.999310241333953
15.96848424212106,1.0015876045722245
15.982191095547773,1.0017540693703268
15.995897948974486,0.9971643416116837
16.0096048024012,1.000028613900793
16.02331165582791,0.9996094522655243
16.037018509254626,0.9985304284615326
16.05072536268134,1.0046734281151135
16.064432216108052,1.0015570986973716
16.078139069534767,0.9984653981788324
16.09184592296148,1.0019504082673873
16.105552776388194,1.001336978371163
16.119259629814906,0.9965394326261067
16.13296648324162,0.9953601914238527
16.146673336668332,0.9985430407479876
16.160380190095047,0.9965205698955143
16.17408704352176,1.0008843118116473
16.187793896948474,1.00195836243243
16.201500750375185,1.0024771928184044
16.2152076038019,0.9988533587690213
16.228914457228612,1.000005876922942
16.242621310655327,1.0031647515614364
16.25632816408204,0.9963781129929831
16.270035017508754,0.9951805684314148
16.283741870935465,1.003444448606862
16.29744872436218,1.001497348186061
16.31115557778889,0.9996138317821436
16.324862431215607,1.0016124500246812
16.33856928464232,0.998698929156464
16.352276138069033,1.0008592797190698
16.365982991495745,1.0025888696048308
16.37968984492246,1.0034763595163068
16.39339669834917,0.9969039814085269
16.407103551775887,1.0007401243269154
16.420810405202598,1.00081005031435
16.434517258629313,1.0001120435904016
16.448224112056028,1.0010458175764567
16.46193096548274,1.0027603434460017
16.475637818909455,0.9982838850390886
16.489344672336166,0.9966927316901858
16.50305152576288,1.0000649181320753
16.516758379189593,1.0021161272145973
16.530465232616308,1.0007321765236692
16.54417208604302,1.0011409603276158
16.557878939469735,1.001510468148853
16.571585792896446,0.9998459927617138
16.58529264632316,1.0037825399232811
16.598999499749873,0.9995804739084997
16.612706353176588,1.001535749385218
16.6264132066033,1.0017402831311657
16.640120060030014,1.0008691114246338
16.653826913456726,0.9995164526784923
16.66753376688344,1.0002768716286976
16.681240620310152,0.9973393668395606
16.694947473736867,1.0018398783965403
16.70865432716358,0.9999159583903059
16.722361180590294,0.9998402694976545
16.736068034017006,1.000488531918203
16.74977488744372,1.003123660948943
16.763481740870432,0.9945432183034151
16.777188594297147,1.0031562149168272
16.79089544772386,1.0000413787586777
16.804602301150574,0.9976445558574516
16.818309154577285,1.002779584589736
16.832016008004,1.0029516700326588
16.845722861430716,0.9975281678104363
16.859429714857427,1.002581284325658
16.873136568284142,1.0006846336834372
16.886843421710854,0.996872615573129
16.90055027513757,1.0017227580522385
16.91425712856428,0.9993213813009699
16.927963981990995,0.9964135610896336
16.941670835417707,0.9996692065248229
16.955377688844422,0.9995073084085984
16.969084542271133,0.997176484599697
16.98279139569785,1.0037630671612938
16.99649824912456,1.0003811097593758
17.010205102551275,1.003838343540102
17.023911955977987,0.9998898130319538
17.0376188094047,0.9972471718160022
17.051325662831413,0.9980473805710355
17.06503251625813,0.9986896151701072
17.07873936968484,1.0016633683215856
17.092446223111555,1.0006183584080306
17.106153076538266,1.0028550580887217
17.11985992996498,0.9980829137093539
17.133566783391693,1.002046696352999
17.147273636818408,1.0012385262304706
17.16098049024512,1.002491469444272
17.174687343671835,1.0008885374244023
17.188394197098546,1.000659941776087
17.20210105052526,1.001323835907829
17.215807903951973,0.9989339399631614
17.229514757378688,1.0012322124401116
17.2432216108054,0.9980550304555234
17.256928464232114,0.9998775417919772
17.27063531765883,1.0011486926689905
17.28434217108554,1.0001791452862345
17.298049024512256,1.000130395798204
17.311755877938968,0.9978198747695308
17.325462731365683,1.0001729493420113
17.339169584792394,1.0013413476217319
17.35287643821911,1.0040938112539641
17.36658329164582,0.9987619038178267
17.380290145072536,0.9964108616104657
17.393996998499247,1.0005070261300015
17.407703851925962,1.0039238300232316
17.421410705352674,1.001686389713177
17.43511755877939,0.9986261180417483
17.4488244122061,1.0000402868424405
17.462531265632816,0.9957503703309535
17.476238119059527,0.9990717821455041
17.489944972486242,0.9989395685684803
17.503651825912954,1.0003051307116813
17.51735867933967,0.9963420962438927
17.53106553276638,1.0013348070351162
17.544772386193095,0.9994654478656356
17.558479239619807,0.9996155846054757
17.572186093046522,1.0061842442239104
17.585892946473233,0.9968591291328723
17.59959979989995,1.0000681812624996
17.61330665332666,0.9989806666435237
17.627013506753375,1.0004388983754524
17.640720360180087,1.0019059652416615
17.6544272136068,1.0023845370603663
17.668134067033517,0.9970417663689565
17.68184092046023,1.002096521897811
17.695547773886943,0.9967749508709809
17.709254627313655,1.0019841669885114
17.72296148074037,0.9999311043862489
17.73666833416708,0.9970047449107083
17.750375187593797,0.9949625273555652
17.764082041020508,1.0036208087282432
17.777788894447223,0.9976269632702834
17.791495747873935,0.9975561348429142
17.80520260130065,1.0053234642485764
17.81890945472736,1.001203559541715
17.832616308154076,0.9993641322494877
17.846323161580788,1.0002337938980386
17.860030015007503,1.0024701718758167
17.873736868434214,0.9976619695713376
17.88744372186093,1.0001206504168962
17.90115057528764,1.0001584878052125
17.914857428714356,0.9975881597606341
17.928564282141068,0.9970686055016369
17.942271135567783,1.0059989556339106
17.955977988994494,1.0013749186043208
17.96968484242121,0.9988830971985401
17.98339169584792,0.9985524030620341
17.997098549274636,1.0007644470717179
18.010805402701347,1.0004112565326968
18.024512256128062,0.9987976153750197
18.038219109554774,1.0018600435784457
18.05192596298149,0.9984015833910331
18.065632816408204,0.998185773558803
18.079339669834916,0.9808902204001311
18.09304652326163,0.997170406638729
18.106753376688342,1.0008433461003237
18.120460230115057,1.0017349088661398
18.13416708354177,0.9984350164831471
18.147873936968484,0.9957434942824066
18.161580790395195,0.9977804801557872
18.17528764382191,0.9972997169332922
18.188994497248622,1.0022996342527646
18.202701350675337,1.0003544352146128
18.21640820410205,1.0000514783494805
18.230115057528764,1.0006232442050562
18.243821910955475,0.9994314467175419
18.25752876438219,0.9971285490278663
18.2712356178089,0.9990238511271963
18.284942471235617,1.0031376663238816
18.29864932466233,1.0001676273074183
18.312356178089043,1.0009701731679188
18.326063031515755,1.0023600914558084
18.33976988494247,0.9989885305375189
18.35347673836918,1.0005167219168614
18.367183591795897,0.9976270342503623
18.380890445222608,0.9991960606050373
18.394597298649323,1.0023831746844427
18.408304152076035,0.9992453243077908
18.42201100550275,1.0014535899440706
18.43571785892946,0.99688701889233
18.449424712356176,0.9975559119478495
18.46313156578289,1.0019631338311623
18.476838419209603,0.9993048181072559
18.490545272636318,0.9976551345132684
18.50425212606303,1.0001536856074285
18.517958979489745,1.0018903620778334
18.531665832916456,1.0039588036350249
18.54537268634317,0.9976904373921455
18.559079539769883,0.9972331312683662
18.572786393196598,1.0001017575238975
18.58649324662331,1.003301626515842
18.600200100050024,0.9993628117907644
18.613906953476736,0.9998944761979403
18.62761380690345,0.9999408801205063
18.641320660330162,1.0006812110936671
18.655027513756878,0.9982008198067887
18.66873436718359,1.000347303515444
18.682441220610304,1.0009403344392929
18.696148074037016,1.0005727056583766
18.70985492746373,1.0019158029649726
18.723561780890442,1.000292977943129
18.737268634317157,1.0006989355524818
18.75097548774387,0.9962197765996293
18.764682341170584,1.0004151754324626
18.778389194597295,1.0007017081356593
18.79209604802401,0.9960024555462148
18.805802901450722,0.9971657407953681
18.819509754877437,1.000539775350528
18.83321660830415,1.004966638462806
18.846923461730864,1.0012907174597439
18.86063031515758,0.9953247202084572
18.87433716858429,1.0005617082015665
18.888044022011005,1.0005427029405027
18.901750875437717,0.9973208373855912
18.915457728864432,1.002776479164735
18.929164582291143,0.9978532876397886
18.94287143571786,0.9978718016366908
18.95657828914457,0.999661557173927
18.970285142571285,1.0009221611570462
18.983991995997997,1.0022216113196845
18.99769884942471,1.0006728581965694
19.011405702851423,0.9971620692477455
19.02511255627814,1.0007887069979045
19.03881940970485,1.000117722095146
19.052526263131565,1.0016156976334394
19.066233116558276,0.9999281491986969
19.07993996998499,1.0027997258001398
19.093646823411703,1.0003783068698227
19.107353676838418,0.9997526900604131
19.12106053026513,0.9981997219043591
19.134767383691845,0.9930939080901438
19.148474237118556,1.0050773217090787
19.16218109054527,0.9972912954803577
19.175887943971983,0.9971245220707473
19.189594797398698,1.0005409588082343
19.20330165082541,0.9984115136571264
19.217008504252124,1.0040885485686186
19.230715357678836,1.0031409398579418
19.24442221110555,0.9989683936181217
19.258129064532266,1.000120515083899
19.271835917958978,0.998991988136501
19.285542771385693,0.9993702398958577
19.299249624812404,1.0002570484071567
19.31295647823912,0.9993862312962027
19.32666333166583,0.9999977738615993
19.340370185092546,1.00174314640426
19.354077038519257,0.9992868966473163
19.367783891945972,0.9999344186554185
19.381490745372684,1.0002709443214197
19.3951975987994,1.0003792381598893
19.40890445222611,1.0006593362551341
19.422611305652826,1.0017170944249358
19.436318159079537,1.003343811597101
19.450025012506252,1.0025254260295318
19.463731865932964,0.9979574730316819
19.47743871935968,1.0017191581232094
19.49114557278639,1.0031179978686697
19.504852426213105,0.997036521000364
19.518559279639817,0.9984026334284364
19.532266133066532,1.0017819992132613
19.545972986493243,1.003090869395831
19.55967983991996,1.0012381642641484
19.57338669334667,1.000768765129097
19.587093546773385,0.9985482134314949
19.600800400200097,1.0018343473338904
19.61450725362681,0.9982467800938871
19.628214107053523,0.9951120410595995
19.64192096048024,0.9991727987748533
19.655627813906953,1.001813658372692
19.669334667333665,0.9984069669492464
19.68304152076038,1.0017201426561804
19.69674837418709,0.9939723069920556
19.710455227613807,0.9996598582373655
19.724162081040518,1.0004110502892087
19.737868934467233,1.0011934907406908
19.751575787893945,1.0023600565786617
19.76528264132066,1.003483667149051
19.77898949474737,0.9991452134125329
19.792696348174086,0.9987469395358405
19.806403201600798,0.9948613197505718
19.820110055027513,0.9996241614331751
19.833816908454224,1.0006482233116032
19.84752376188094,1.001231430712088
19.86123061530765,0.9988561704667234
19.874937468734366,1.00320101918165
19.888644322161078,1.0012174763788129
19.902351175587793,0.997329619682912
19.916058029014504,0.9983143912165325
19.92976488244122,1.0028910542604745
19.94347173586793,1.0035785391585081
19.957178589294646,0.99992411591537
19.970885442721357,0.9982346443221702
19.984592296148072,0.9997915034763981
19.998299149574784,0.9992629523149215
20.0120060030015,1.0048523673010774
20.02571285642821,0.9980719655950769
20.039419709854926,0.9989278450170289
20.05312656328164,1.0003542878896607
20.066833416708352,0.99791029353938
20.080540270135067,1.0027714792376614
20.09424712356178,1.004151774874388
20.107953976988494,0.9990489823681257
20.121660830415205,1.0010078303147238
20.13536768384192,1.0043833415859822
20.149074537268632,1.0013420114274538
20.162781390695347,1.0018580315848913
20.17648824412206,1.0031819751488245
20.190195097548774,0.9984673224580789
20.203901950975485,1.0054442939453436
20.2176088044022,1.0019111947319035
20.23131565782891,0.9999396668293119
20.245022511255627,1.0039060620927716
20.25872936468234,0.9991180795534798
20.272436218109053,0.9975404411242406
20.286143071535765,0.9965988274663883
20.29984992496248,0.9979795304322803
20.31355677838919,1.004565849810083
20.327263631815907,0.9977452872459621
20.340970485242618,0.9986818733459565
20.354677338669333,0.995601513871908
20.368384192096045,1.001115113735898
20.38209104552276,1.0010134198454976
20.39579789894947,1.0037609235128537
20.409504752376186,0.9981819063548729
20.423211605802898,1.0026825350033675
20.436918459229613,0.9991423596555569
20.450625312656324,0.9979724931357542
20.46433216608304,1.0007651031685334
20.478039019509755,1.0013449325790735
20.491745872936466,1.0026091139789506
20.50545272636318,1.0017715859807095
20.519159579789893,0.9994648071897768
20.532866433216608,1.0002535651483908
20.54657328664332,0.9966887748785445
20.560280140070034,1.0018845888651688
20.573986993496746,0.9988853478264351
20.58769384692346,1.0016185142205398
20.601400700350172,1.0004083335404532
20.615107553776888,1.0001959338291564
20.6288144072036,1.0026195552770616
20.642521260630314,0.996629620429699
20.656228114057026,0.999060155146965
20.66993496748374,0.997629878290265
20.683641820910452,1.0002985050906192
20.697348674337167,1.0001056117553149
20.71105552776388,0.9986632906254658
20.724762381190594,1.0022367502665235
20.738469234617305,0.999239079320583
20.75217608804402,0.9984499930936106
20.765882941470732,0.9947115304100302
20.779589794897447,0.9965468996380953
20.79329664832416,1.0043979743310376
20.807003501750874,0.999458974238
20.820710355177585,1.0028584134396221
20.8344172086043,1.001443548606011
20.84812406203101,0.9991907702685011
20.861830915457727,0.9883694523105523
20.875537768884442,0.9997016231534618
20.889244622311153,0.9995375682089815
20.90295147573787,1.001745493139654
20.91665832916458,1.0034179746717466
20.930365182591295,1.0028832275538087
20.944072036018007,0.9985167072286888
20.95777888944472,0.9998074024245145
20.971485742871433,0.9989919977076778
20.98519259629815,0.9975076666253763
20.99889944972486,0.9981508640527268
21.012606303151575,0.9994345501620002
21.026313156578286,0.9940816119150612
21.040020010005,1.0017634773463053
21.053726863431713,1.0007267520952112
21.067433716858428,1.000841001681927
21.08114057028514,1.0012123329982288
21.094847423711855,1.0018474277899758
21.108554277138566,0.9983449962183727
21.12226113056528,0.9991715126790489
21.135967983991993,0.9966462162166859
21.149674837418708,1.0034172789495213
21.16338169084542,1.0005338199333513
21.177088544272134,0.9993649729364165
21.190795397698846,0.9992467243114771
21.20450225112556,1.0087727397090474
21.218209104552272,1.0023863022461958
21.231915957978988,0.9981319306788651
21.2456228114057,1.0034136429656793
21.259329664832414,1.0003833358479668
21.27303651825913,0.999427574539069
21.28674337168584,1.0027682814619703
21.300450225112556,1.0001491704268157
21.314157078539267,0.997996830557736
21.327863931965982,1.001629005459447
21.341570785392694,1.0020711030971055
21.35527763881941,0.9981689515365252
21.36898449224612,1.0005727679289107
21.382691345672836,0.9977510009053765
21.396398199099547,1.0008938974891797
21.410105052526262,1.0020787893791783
21.423811905952974,1.0017637163902857
21.43751875937969,0.9991934534224913
21.4512256128064,1.007851974263786
21.464932466233115,0.9982818128627653
21.478639319659827,0.9986886845124042
21.492346173086542,1.0013135120353143
21.506053026513253,0.9981236795423291
21.51975987993997,1.0021533644116614
21.53346673336668,1.0024744821146794
21.547173586793395,0.9982174270658074
21.560880440220107,0.9992642589187801
21.57458729364682,1.0016784643843912
21.588294147073533,1.0003395772710253
21.60200100050025,1.0001096539086456
21.61570785392696,1.0072557290159398
21.629414707353675,0.9996376821213375
21.643121560780386,0.9942355041822734
21.6568284142071,1.0018140935514008
21.670535267633817,1.002334664140193
21.684242121060528,1.0042328587516742
21.697948974487243,1.0048399951992875
21.711655827913955,1.0014585022637632
21.72536268134067,0.9968502187357104
21.73906953476738,1.0074104748009787
21.752776388194096,1.00107510294253
21.766483241620808,1.0011145549804166
21.780190095047523,0.9984198840284233
21.793896948474234,1.0037576982615777
21.80760380190095,1.002981868420131
21.82131065532766,1.0012854798289104
21.835017508754376,0.9990009641941188
21.848724362181088,0.999064124710698
21.862431215607803,1.0012770851776267
21.876138069034514,0.9982113475622284
21.88984492246123,1.0026410001086574
21.90355177588794,0.9949257587082181
21.917258629314656,0.9962549160794403
21.930965482741367,1.0012106561972263
21.944672336168082,0.9987950286449861
21.958379189594794,0.9991691229871418
21.97208604302151,0.996662271236169
21.98579289644822,1.001014251987679
21.999499749874936,1.0013178724700709
22.013206603301647,1.0000154407401232
22.026913456728362,0.9997971865598979
22.040620310155074,1.0040281916755172
22.05432716358179,1.0020669747728235
22.068034017008504,0.9959967965034884
22.081740870435215,1.0014129980848345
22.09544772386193,1.0016443082830224
22.109154577288642,1.001954274718241
22.122861430715357,0.9943471869611711
22.13656828414207,0.9949277033348928
22.150275137568784,1.0003890360419854
22.163981990995495,0.9983651993345889
22.17768884442221,0.9958270591419738
22.19139569784892,0.9977560807549037
22.205102551275637,0.9969472623180908
22.21880940470235,1.0003640763098658
22.232516258129063,0.9962748698578144
22.246223111555775,1.0011180162506237
22.25992996498249,0.9968695892232885
22.2736368184092,0.9984299996733826
22.287343671835917,1.0015381101809322
22.301050525262628,1.0007903516968724
22.314757378689343,1.0003984501628076
22.328464232116055,0.9972433997997635
22.34217108554277,1.0001679986276146
22.35587793896948,1.0037068868200703
22.369584792396196,1.0003881755503226
22.383291645822908,1.0021169841538344
22.396998499249623,0.9980288882483853
22.410705352676334,1.0001034816252734
22.42441220610305,1.0010737086046086
22.43811905952976,0.9969717697425897
22.451825912956476,0.9979180853762444
22.46553276638319,0.9971883201258089
22.479239619809903,1.0022983086826274
22.492946473236618,0.9976591732693539
22.50665332666333,0.9987034405618979
22.520360180090044,0.9993712386490254
22.534067033516756,0.9995745847371073
22.54777388694347,0.9980005191077586
22.561480740370182,1.0006842844590162
22.575187593796898,0.9988111200953601
22.58889444722361,1.0001569236801717
22.602601300650324,1.0047675984857773
22.616308154077036,0.9980239597927757
22.63001500750375,0.9973420330248891
22.643721860930462,1.0031333226331753
22.657428714357177,1.0018020192801613
22.67113556778389,0.9972136629179754
22.684842421210604,1.0019797346226509
22.698549274637315,1.0002691143079099
22.71225612806403,1.0000925126109308
22.725962981490742,0.9986943352304223
22.739669834917457,1.0047597994005857
22.75337668834417,1.0021807017532318
22.767083541770884,1.0019245082663115
22.780790395197595,0.9976045169441684
22.79449724862431,1.0022268430616394
22.808204102051022,1.000431727800705
22.821910955477737,0.9991379132029232
22.83561780890445,0.9987327469534597
22.849324662331163,1.0039935678257048
22.86303151575788,1.0078475635361144
22.87673836918459,1.0031770438002277
22.890445222611305,0.9991053612514558
22.904152076038017,1.0010365722048695
22.91785892946473,1.0031297958716785
22.931565782891443,1.0013304498830375
22.94527263631816,0.9999512645663837
22.95897948974487,1.0012254747150555
22.972686343171585,0.9982588293802563
22.986393196598296,0.9999378114223287
23.00010005002501,1.0028964001941634
23.013806903451723,1.0000666477776454
23.027513756878438,0.9972951070883309
23.04122061030515,0.993219166420959
23.054927463731865,1.004035350245086
23.068634317158576,1.0014171292908638
23.08234117058529,0.9973860365701809
23.096048024012003,0.9985332535917255
23.109754877438718,1.002504007432466
23.12346173086543,0.997144015219074
23.137168584292144,0.9973588298597259
23.150875437718856,1.0013340189438131
23.16458229114557,0.9991051818873447
23.178289144572283,1.0015168319280907
23.191995997998998,0.9983387521716689
23.20570285142571,1.0023651183811366
23.219409704852424,0.9995326787214627
23.233116558279136,1.0022581695932595
23.24682341170585,0.9954620233222079
23.260530265132566,1.0045503436339824
23.274237118559277,0.9992937193826704
23.287943971985992,0.9979495323044668
23.301650825412704,1.0003502313914876
23.31535767883942,0.9995126266909511
23.32906453226613,0.997668054977298
23.342771385692846,0.9988214149307332
23.356478239119557,1.0006291419430677
23.370185092546272,1.0017391512918565
23.383891945972984,0.9943428936783434
23.3975987993997,0.9958026590277449
23.41130565282641,0.9967565294507656
23.425012506253125,0.99965206885
23.438719359679837,1.0024149182800162
23.452426213106552,0.9982432290211103
23.466133066533263,1.001418582361534
23.47983991995998,0.998542647059848
23.49354677338669,1.0005736862829697
23.507253626813405,0.9985174115399803
23.520960480240117,1.010395819129185
23.53466733366683,1.000333556038999
23.548374187093543,0.9977695947007447
23.56208104052026,1.000789900798396
23.57578789394697,1.0001204135269537
23.589494747373685,0.9990698674651234
23.603201600800396,1.0011755585618132
23.61690845422711,0.9958010334244557
23.630615307653823,1.0026602631172374
23.644322161080538,1.0021517837570213
23.65802901450725,0.9998692334327969
23.671735867933965,0.9998014709979308
23.68544272136068,1.0013485346335038
23.69914957478739,1.001799852744504
23.712856428214106,1.00385932241255
23.726563281640818,1.000216607450845
23.740270135067533,0.99595238722767
23.753976988494244,1.0021084398924607
23.76768384192096,1.0027665153135863
23.78139069534767,0.9996213948360807
23.795097548774386,1.0012995485700837
23.808804402201098,1.0033098713747615
23.822511255627813,1.0012260045278096
23.836218109054524,0.9997392817339521
23.84992496248124,0.9994007373065461
23.86363181590795,1.0006377357059626
23.877338669334666,1.0024643052445064
23.891045522761377,1.000851800985646
23.904752376188092,0.9978992139502518
23.918459229614804,0.9990077205427326
23.93216608304152,0.9960304349274077
23.94587293646823,0.9996008964346518
23.959579789894946,0.9990522165115765
23.973286643321657,0.9954915843521182
23.986993496748372,1.004082462936616
24.000700350175084,1.001124286971012
24.0144072036018,1.0032835992406441
24.02811405702851,0.9953703988041616
24.041820910455225,1.0001599194154889
24.055527763881937,1.0022938590800639
24.069234617308652,0.9986003927840166
24.082941470735367,1.000158515703226
24.09664832416208,1.0010393081553914
24.110355177588794,0.9962860087863823
24.124062031015505,1.0019276103774055
24.13776888444222,0.9918073426660682
24.15147573786893,0.9970840663906834
24.165182591295647,1.0046413366738656
24.17888944472236,0.9978880962913228
24.192596298149073,0.9992305485401346
24.206303151575785,1.0000448596053553
24.2200100050025,0.9976642232653034
24.23371685842921,0.9941717124394225
24.247423711855927,0.997655878876961
24.261130565282638,0.9996411227946495
24.274837418709353,0.9976686180399819
24.288544272136065,1.0015316688978613
24.30225112556278,1.0007224102225678
24.31595797898949,0.9913179563837093
24.329664832416206,0.9981295511178664
24.343371685842918,1.0003776137913551
24.357078539269633,1.0029036882982822
24.370785392696344,1.0004455612370764
24.38449224612306,0.9968010305900565
24.39819909954977,0.9957777297293258
24.411905952976486,0.9973886105670542
24.425612806403198,1.0003173518775672
24.439319659829913,0.9958301639491324
24.453026513256624,1.0011581916098382
24.46673336668334,1.0031519124554753
24.480440220110054,1.0000651351951018
24.494147073536766,0.9979693483494317
24.50785392696348,0.9946324304890461
24.521560780390192,0.9991734290295465
24.535267633816908,1.0007582481691362
24.54897448724362,0.9999033615509256
24.562681340670334,1.0005455899687725
24.576388194097046,1.0017535081984132
24.59009504752376,1.0023294819085695
24.603801900950472,0.9977430715303084
24.617508754377187,0.9996688288510764
24.6312156078039,0.9994603032885749
24.644922461230614,0.9969867829209125
24.658629314657325,0.9976942578747077
24.67233616808404,1.001552455219517
24.686043021510752,1.002034113073707
24.699749874937467,0.9995322118700772
24.71345672836418,0.9991564400686401
24.727163581790894,1.0019964648140367
24.740870435217605,1.0056159920900078
24.75457728864432,1.000520631341537
24.768284142071032,1.000986008103699
24.781990995497747,1.0010036814362213
24.79569784892446,1.0061427749406282
24.809404702351173,1.00291792001006
24.823111555777885,0.9966064028939128
24.8368184092046,1.0016746204139375
24.85052526263131,0.9994540816859769
24.864232116058027,1.0002611924897569
24.87793896948474,1.0035748193091816
24.891645822911453,0.9960486029995922
24.90535267633817,1.0019786072945165
24.91905952976488,1.001980435340242
24.932766383191595,0.999552797037813
24.946473236618306,1.0036211127457997
24.96018009004502,1.0001560103969733
24.973886943471733,0.9969238485272306
24.987593796898448,1.0053684206908975
25.00130065032516,0.9998214966703827
25.015007503751875,1.0011809830778107
25.028714357178586,0.9990427943859082
25.0424212106053,0.9981332495479541
25.056128064032013,1.0011122885436452
25.069834917458728,0.9985504304197109
25.08354177088544,0.9956967005474499
25.097248624312154,0.9995389653125493
25.110955477738866,0.9981577496056875
25.12466233116558,0.9984478785273244
25.138369184592293,0.9991660106574738
25.152076038019008,1.0058885417208874
25.16578289144572,0.9994987553086265
25.179489744872434,1.0043903410696657
25.193196598299146,1.0035624093432514
25.20690345172586,0.9981436861830473
25.220610305152572,0.9988212790437067
25.234317158579287,0.9998529392109183
25.248024012006,0.9945863865320295
25.261730865432714,0.9999319515073244
25.27543771885943,1.0031073740977183
25.28914457228614,1.0000601404054685
25.302851425712856,1.0020885337156087
25.316558279139567,1.0016001691777094
25.330265132566282,0.9990924823798175
25.343971985992994,1.00008163969691
25.35767883941971,0.9993741458449674
25.37138569284642,0.9987335053100336
25.385092546273135,1.0068828847555589
25.398799399699847,0.9986291954743828
25.412506253126562,0.9994716333651932
25.426213106553273,1.0028685189905229
25.43991995997999,0.9993467083432651
25.4536268134067,1.002283811744566
25.467333666833415,1.0002270006987057
25.481040520260127,1.0047887635737995
25.49474737368684,0.9985251488271901
25.508454227113553,0.9996514790129857
25.52216108054027,1.0056397641240706
25.53586793396698,0.9994686659431266
25.549574787393695,1.0000994218212744
25.563281640820406,1.0023153974148258
25.57698849424712,0.994748861105505
25.590695347673833,0.9965113942662862
25.604402201100548,1.0004537468135877
25.61810905452726,1.0021257969256454
25.631815907953975,0.9985660104060201
25.645522761380686,0.9988436660198923
25.6592296148074,1.0016079627695713
25.672936468234116,0.9986101148284664
25.686643321660828,1.0009134179535515
25.700350175087543,0.9987501907445674
25.714057028514254,0.9983951335819333
25.72776388194097,1.001215960928201
25.74147073536768,0.9997699232185908
25.755177588794396,0.9990938233091421
25.768884442221108,1.0019500799454677
25.782591295647823,0.9974968096011779
25.796298149074534,0.9996947425868468
25.81000500250125,0.9986963239001265
25.82371185592796,1.000751061704838
25.837418709354676,0.9992316557448816
25.851125562781387,0.997315506322585
25.864832416208102,1.0041048241114705
25.878539269634814,1.0015581025685079
25.89224612306153,1.0009418110191348
25.90595297648824,0.9985407739317907
25.919659829914956,0.9985101102644727
25.933366683341667,1.0030827789761434
25.947073536768382,0.9993345106783509
25.960780390195094,1.0006945275979562
25.97448724362181,1.0021905652547742
25.98819409704852,1.0001334914100473
26.001900950475235,0.9995605278275552
26.015607803901947,0.9992788883638405
26.029314657328662,0.9961643045338207
26.043021510755374,1.0039849570435404
26.05672836418209,1.0007596590943546
26.070435217608804,0.999292393386906
26.084142071035515,0.9976318210619114
26.09784892446223,0.9952584924316326
26.11155577788894,1.0012691712326007
26.125262631315657,0.9999731807053398
26.13896948474237,1.0013240493713933
26.152676338169083,0.999294475455526
26.166383191595795,0.9951852036831303
26.18009004502251,1.0049012380936349
26.19379689844922,0.9958215526011052
26.207503751875937,0.9990292712382085
26.221210605302648,0.9958130509130444
26.234917458729363,0.995833078474044
26.248624312156075,1.0043278261362334
26.26233116558279,0.999720648692177
26.2760380190095,0.9971253872996466
26.289744872436216,1.0055177041717078
26.303451725862928,1.0015843783904776
26.317158579289643,0.9996411938300098
26.330865432716354,1.0022768542925562
26.34457228614307,1.002947974666993
26.35827913956978,1.0042953476594831
26.371985992996496,0.9993594879409686
26.385692846423208,1.0020291417987126
26.399399699849923,0.9965230530657103
26.413106553276634,0.9978029604960582
26.42681340670335,0.9992228889497771
26.44052026013006,1.0006200605909208
26.454227113556776,1.0017725988393151
26.46793396698349,1.0013110176009354
26.481640820410203,0.9980106787394247
26.495347673836918,0.9999614337505278
26.50905452726363,0.9993672258141555
26.522761380690344,0.9998603416047055
26.536468234117056,0.9976272280307725
26.55017508754377,1.0007541291741606
26.563881940970482,0.9995498738208282
26.577588794397197,0.9955742659244151
26.59129564782391,0.9994262193533606
26.605002501250624,0.9987143709563396
26.618709354677335,1.0003635140758425
26.63241620810405,0.9976846911698459
26.646123061530762,1.0028339084737083
26.659829914957477,1.0004089945888188
26.67353676838419,0.9979804873309757
26.687243621810904,0.9975315800891346
26.700950475237615,1.0028742305160925
26.71465732866433,0.9983111538340854
26.728364182091042,1.0008894331444336
26.742071035517757,0.9985987376612597
26.75577788894447,0.99852034985491
26.769484742371183,0.9987831617611611
26.783191595797895,1.003135553083702
26.79689844922461,0.9980401509796305
26.81060530265132,0.9978664412196777
26.824312156078037,1.002359693164597
26.838019009504748,0.9982247098541577
26.851725862931463,0.9972797837116817
26.865432716358175,0.9991921195824175
26.87913956978489,0.9977230952925205
26.892846423211605,0.9999677454106484
26.906553276638316,0.9985485334834281
26.92026013006503,1.0005863727446003
26.933966983491743,1.0037141529250229
26.947673836918458,1.000192929381309
26.96138069034517,0.9994286779475422
26.975087543771885,0.9958745824755351
26.988794397198596,0.9986086868772461
27.00250125062531,0.9949513769398793
27.016208104052023,0.998981373564948
27.029914957478738,0.9983394421371395
27.04362181090545,0.9977815505827647
27.057328664332164,0.9988239183076764
27.071035517758876,0.998770911962497
27.08474237118559,1.003342199928716
27.098449224612303,0.9985241858298975
27.112156078039018,0.9977724070702517
27.12586293146573,1.00101729148965
27.139569784892444,1.0057819067141562
27.153276638319156,0.9974615373722439
27.16698349174587,1.001784710264635
27.180690345172582,0.9987774045300238
27.194397198599297,0.9987533440686954
27.20810405202601,1.001496989500502
27.221810905452724,1.0007190295096393
27.235517758879435,1.0053930090476468
27.24922461230615,0.9991950362390153
27.262931465732862,0.9968518769930029
27.276638319159577,1.0037030427455398
27.290345172586292,1.001575193701757
27.304052026013004,0.9995356025410763
27.31775887943972,1.0001573663177996
27.33146573286643,0.9982880764954237
27.345172586293145,0.9981525061071848
27.358879439719857,0.9993233349580887
27.372586293146572,1.000343374116689
27.386293146573284,0.997437638882052
27.4,1.001371625673955
