time,flux
0.0,0.5474696406536194
0.013706853426713355,0.8255726778787033
0.02741370685342671,0.999196739443614
0.041120560280140064,0.997725725646589
0.05482741370685342,1.0007324956084631
0.06853426713356678,1.0006146571270065
0.08224112056028013,1.0013104162814785
0.09594797398699349,1.0002149547941195
0.10965482741370684,0.999478160550547
0.1233616808404202,0.9977253919829184
0.13706853426713356,0.9983765335143938
0.1507753876938469,1.0007577935593552
0.16448224112056026,1.0006945509541136
0.1781890945472736,0.9998172322428819
0.19189594797398699,0.9962770440582441
0.20560280140070034,0.9979880883000112
0.21930965482741369,1.0001805506057315
0.23301650825412704,0.9965900863850797
0.2467233616808404,1.0021269845393
0.26043021510755376,0.9976809393710175
0.2741370685342671,0.9985761335193643
0.28784392196098046,0.9968884396656303
0.3015507753876938,1.001916061264992
0.31525762881440716,0.9995024238183834
0.3289644822411205,1.000752523461469
0.34267133566783387,0.9970567026025434
0.3563781890945472,1.0014831901322303
0.3700850425212606,1.0006512852514524
0.38379189594797397,0.9997616621982128
0.3974987493746873,0.9986306078193955
0.41120560280140067,0.9983714874692748
0.424912456228114,1.0005217372912052
0.43861930965482737,0.9995756164718086
0.4523261630815407,0.999506156149407
0.46603301650825407,1.00088975411868
0.4797398699349674,1.0009410854226406
0.4934467233616808,0.9994658395681589
0.5071535767883941,0.9999878449380821
0.5208604302151075,0.9998937659947537
0.5345672836418208,0.9997215121840098
0.5482741370685342,0.9994500079242399
0.5619809904952475,0.9989672236239853
0.5756878439219609,1.001284875320616
0.5893946973486743,1.0000314654687656
0.6031015507753876,0.9983456478846401
0.616808404202101,0.9995477315155463
0.6305152576288143,0.9980628839614043
0.6442221110555277,0.9968173523150669
0.657928964482241,0.9996369323343606
0.6716358179089544,0.9995519081714376
0.6853426713356677,0.9974399725793333
0.6990495247623811,1.0004832882478507
0.7127563781890944,1.0027266851299061
0.7264632316158078,0.9995193663066225
0.7401700850425212,0.9994918597351591
0.7538769384692345,1.0021781867152146
0.7675837918959479,1.0017397044744731
0.7812906453226612,0.9995120178227423
0.7949974987493746,1.0016191805879884
0.8087043521760879,0.9999605970445017
0.8224112056028013,0.9999888601515857
0.8361180590295146,0.9980071878960467
0.849824912456228,1.000151246920637
0.8635317658829413,0.998151976504935
0.8772386193096547,0.9984243208428065
0.8909454727363681,0.9995183416921939
0.9046523261630814,1.0012450714914436
0.9183591795897948,1.0005509338595926
0.9320660330165081,0.9993321203965204
0.9457728864432215,0.9976274088125602
0.9594797398699348,0.9987998646750039
0.9731865932966483,0.9955770574066004
0.9868934467233615,1.002616215690706
1.000600300150075,1.00036960090857
1.0143071535767882,1.0011639721238688
1.0280140070035018,1.000064613794272
1.041720860430215,1.0017784364819735
1.0554277138569284,1.0005720683324757
1.0691345672836416,1.0024914829230063
1.0828414207103552,1.0006322178387848
1.0965482741370685,0.9988409884145375
1.1102551275637818,0.9989413969997696
1.123961980990495,0.9978198709919924
1.1376688344172086,0.9994462333954648
1.1513756878439219,1.0012183886814314
1.1650825412706352,1.0015262953892663
1.1787893946973487,1.0033854800334676
1.192496248124062,1.0011461906542818
1.2062031015507753,1.0002585067689158
1.2199099549774886,0.9979564264450494
1.233616808404202,0.9991781324985529
1.2473236618309154,1.00231011700055
1.2610305152576287,0.9992735116787546
1.274737368684342,1.0003208587341201
1.2884442221110555,0.9992199744702537
1.3021510755377688,1.0007088261280888
1.315857928964482,0.998412932308219
1.3295647823911956,1.0015525533135559
1.3432716358179089,1.0002583477009201
1.3569784892446222,0.9996777001289705
1.3706853426713355,0.9978189512481144
1.384392196098049,1.0009860118253198
1.3980990495247623,1.001354164822579
1.4118059029514756,1.0028941919351606
1.4255127563781889,0.9990960260981913
1.4392196098049024,1.00132864549751
1.4529264632316157,0.9967781747121925
1.466633316658329,1.0021123803975154
1.4803401700850425,0.9985955473073009
1.4940470235117558,1.000960049302217
1.507753876938469,0.9985997725813726
1.5214607303651824,1.0000832957004786
1.5351675837918959,0.9994455899650302
1.5488744372186092,1.002252717085169
1.5625812906453225,1.000718466813505
1.5762881440720358,1.0014057366952063
1.5899949974987493,0.9995965050914153
1.6037018509254626,1.0023297355071668
1.6174087043521759,1.00025029089726
1.6311155577788894,1.0010141388739466
1.6448224112056027,1.0011739679325562
1.658529264632316,1.0028460236663455
1.6722361180590293,0.9991715342707947
1.6859429714857428,0.9989703422753174
1.699649824912456,1.000775525671172
1.7133566783391694,0.9995800666190535
1.7270635317658827,0.9996838980236645
1.7407703851925962,1.0019685251535893
1.7544772386193095,0.9991709426327902
1.7681840920460228,0.9907390696702889
1.7818909454727363,1.0026944126130282
1.7955977988994496,1.000345062842798
1.8093046523261629,0.9983743672328175
1.8230115057528762,0.9995437652159442
1.8367183591795897,0.9996959163522374
1.850425212606303,1.0008152220250126
1.8641320660330163,1.0003877753750445
1.8778389194597296,1.0014004712748577
1.891545772886443,1.0005255655877703
1.9052526263131564,1.000606056101885
1.9189594797398697,1.0008462615816047
1.9326663331665832,1.0000252122601119
1.9463731865932965,1.0008734554897298
1.9600800400200098,1.0037875424788105
1.973786893446723,1.001958461999724
1.9874937468734366,0.9987236619713268
2.00120060030015,1.0028653372902687
2.014907453726863,0.9985745072260828
2.0286143071535765,1.0008817838387336
2.04232116058029,0.9416568705549914
2.0560280140070035,0.8138868723197354
2.069734867433717,0.8152130413429713
2.08344172086043,0.8143937870981218
2.0971485742871434,0.8149400133707382
2.1108554277138567,0.8144905042763552
2.12456228114057,0.8137208430316012
2.1382691345672833,0.8125277334708707
2.1519759879939966,0.9000253467078941
2.1656828414207103,1.0001827025860197
2.1793896948474236,0.9982923388581465
2.193096548274137,0.9980507060800837
2.20680340170085,1.000626175729511
2.2205102551275635,0.9996893194772403
2.234217108554277,1.0017468474727456
2.24792396198099,0.9986544147410544
2.261630815407704,0.9988797314521797
2.275337668834417,1.0009651888520366
2.2890445222611304,1.0008525404890365
2.3027513756878437,1.0008929435909233
2.316458229114557,0.9975066795227397
2.3301650825412703,0.9991387440275198
2.3438719359679836,1.0001091269242535
2.3575787893946973,1.001078203671637
2.3712856428214106,1.0002665985004893
2.384992496248124,0.9979597983127263
2.3986993496748372,0.9965594811758527
2.4124062031015505,0.9995432554281457
2.426113056528264,1.0002222178387121
2.439819909954977,1.0029624510196589
2.4535267633816904,1.0001818991778482
2.467233616808404,1.0008596257536748
2.4809404702351174,0.9991731798492491
2.4946473236618307,1.0029907863093277
2.508354177088544,0.9996197296703704
2.5220610305152573,0.9995738985153351
2.5357678839419706,1.0024918352953773
2.549474737368684,1.0004421044187168
2.5631815907953976,0.9986553463025102
2.576888444222111,1.001690568115336
2.5905952976488242,0.99880602143559
2.6043021510755375,0.998218163102801
2.618009004502251,1.0012110818034223
2.631715857928964,1.0005747196082877
2.6454227113556774,0.9999123634287751
2.659129564782391,1.0011844598234882
2.6728364182091044,1.001404901258166
2.6865432716358177,1.000116237044635
2.700250125062531,0.9980131648893299
2.7139569784892443,1.000559600540868
2.7276638319159576,0.999043651847443
2.741370685342671,0.9996143387867359
2.755077538769384,1.0011898961889119
2.768784392196098,1.001097820702053
2.7824912456228112,1.002612994137824
2.7961980990495245,0.9983939184998745
2.809904952476238,0.9999767766558175
2.823611805902951,0.997943131139094
2.8373186593296644,0.9986537886612553
2.8510255127563777,1.0019456014711485
2.8647323661830915,1.000888990873751
2.8784392196098048,1.0004975575661095
2.892146073036518,0.9975461607720855
2.9058529264632313,0.9996139099758139
2.9195597798899446,1.0010284130514702
2.933266633316658,1.0000524740299201
2.9469734867433712,0.9981261040288133
2.960680340170085,1.001271727465975
2.9743871935967983,1.0011670351150082
2.9880940470235116,0.9996831305075335
3.001800900450225,1.0007020646182316
3.015507753876938,1.0000765061447308
3.0292146073036514,0.9996560338675223
3.0429214607303647,1.001798178096507
3.056628314157078,1.0008754426037105
3.0703351675837918,1.0001047824713027
3.084042021010505,1.000057874869318
3.0977488744372184,1.000253063550139
3.1114557278639317,0.9971668821580683
3.125162581290645,1.0002054141145138
3.1388694347173582,0.9992351994186806
3.1525762881440715,0.9980018137531613
3.1662831415707853,1.0002100362764177
3.1799899949974986,1.0009803342067105
3.193696848424212,1.000406240369112
3.207403701850925,1.0002285133242783
3.2211105552776385,1.0014453520170885
3.2348174087043517,0.9989828593993839
3.248524262131065,1.0017701265951389
3.262231115557779,1.0030784359564349
3.275937968984492,1.0011633409947953
3.2896448224112054,1.0006874618785915
3.3033516758379187,0.9986833784679642
3.317058529264632,1.0010327215702777
3.3307653826913453,0.996534009588191
3.3444722361180586,1.0001523561947705
3.358179089544772,1.0002100927431712
3.3718859429714856,0.9994830075150437
3.385592796398199,1.0006940600532168
3.399299649824912,1.0005518680063672
3.4130065032516255,0.9980742807725654
3.4267133566783388,0.9992735408416734
3.440420210105052,0.9985357715249753
3.4541270635317654,1.0017074265808226
3.467833916958479,1.0012001671499797
3.4815407703851924,1.000566016773713
3.4952476238119057,1.0016627674525422
3.508954477238619,1.003348389772083
3.5226613306653323,1.000116283002635
3.5363681840920456,1.0001291315044827
3.550075037518759,1.0010437132571386
3.5637818909454726,0.9993565688534993
3.577488744372186,1.0002455175473255
3.591195597798899,1.0011246733637043
3.6049024512256125,1.0019116767940381
3.6186093046523258,1.000184988886973
3.632316158079039,1.0011541106248762
3.6460230115057524,0.9997617856404001
3.659729864932466,1.00154061385982
3.6734367183591794,0.9998548793214416
3.6871435717858927,1.003201932615285
3.700850425212606,1.001001755873555
3.7145572786393193,1.0014387052556082
3.7282641320660326,1.0010637418939148
3.741970985492746,0.9999155986419684
3.755677838919459,1.001054266513147
3.769384692346173,1.0014917287247858
3.783091545772886,1.0007035893725518
3.7967983991995995,1.0009124663705298
3.810505252626313,0.9992624985431701
3.824212106053026,0.9996419158301079
3.8379189594797394,0.9986051647772987
3.8516258129064527,0.9993027108722256
3.8653326663331664,1.0000415358930568
3.8790395197598797,0.9997845997981206
3.892746373186593,0.9999364108354941
3.9064532266133063,0.996917140164632
3.9201600800400196,1.0016186460574439
3.933866933466733,1.0014868415441727
3.947573786893446,1.0009622431637257
3.96128064032016,1.002244243403471
3.974987493746873,1.0008257677439194
3.9886943471735865,1.0003429277134348
4.0024012006003,0.9978080267023398
4.016108054027013,1.0006289851758692
4.029814907453726,0.9981696052179022
4.04352176088044,1.0010688336922595
4.057228614307153,0.9992437701695692
4.070935467733866,1.000050511879858
4.08464232116058,0.9984515874393843
4.098349174587293,0.9978834184531361
4.112056028014007,0.9997147360558026
4.12576288144072,1.0030291782140859
4.139469734867434,1.0004565134644707
4.153176588294147,1.0013649540825187
4.16688344172086,0.999921509062817
4.1805902951475735,0.9184997632040282
4.194297148574287,0.6412338041055495
4.208004002001,0.5162114795210678
4.221710855427713,0.5162484139752315
4.235417708854427,0.5192841249103544
4.24912456228114,0.5173484485315514
4.262831415707853,0.5188583782477033
4.276538269134567,0.5181807854960621
4.29024512256128,0.5166670761875002
4.303951975987993,0.5201091910443885
4.317658829414707,0.6622349104782969
4.331365682841421,0.940949597176686
4.345072536268134,1.0001607060574667
4.358779389694847,0.9966272950948296
4.3724862431215605,1.0022367386569673
4.386193096548274,1.0004204818188758
4.399899949974987,1.002939801023279
4.4136068034017,0.9998100227459592
4.427313656828414,1.0014844007008687
4.441020510255127,0.9986176993822374
4.45472736368184,0.9992804288520488
4.468434217108554,0.9985507322565155
4.482141070535267,1.000885671115094
4.49584792396198,1.0002537175789334
4.5095547773886935,1.002442870858664
4.523261630815408,1.0000090892324056
4.536968484242121,0.9994383730350657
4.550675337668834,1.0006080046958254
4.5643821910955475,0.9989438439596683
4.578089044522261,1.001428253694412
4.591795897948974,0.9966802965532835
4.605502751375687,1.0017339178013032
4.619209604802401,0.9990693287781884
4.632916458229114,0.9976064724748948
4.646623311655827,0.9976329616419893
4.660330165082541,1.0008093587505937
4.674037018509254,1.0002764577759808
4.687743871935967,1.0024550924699538
4.7014507253626805,0.9954352469462049
4.715157578789395,0.9964106162242998
4.728864432216108,1.0019682797651004
4.742571285642821,0.9990948315906903
4.756278139069535,0.999553232139217
4.769984992496248,1.0000606087624755
4.783691845922961,1.0023640962693356
4.7973986993496744,1.001456583641823
4.811105552776388,0.9998565551262631
4.824812406203101,0.9991479339747266
4.838519259629814,1.0018876639079723
4.852226113056528,0.9997014870957537
4.865932966483241,0.9997342685223772
4.879639819909954,1.0013567496361149
4.8933466733366675,1.0003893707800522
4.907053526763381,0.9994608793401363
4.920760380190095,0.9992008474081009
4.934467233616808,0.9997353635360058
4.948174087043522,1.0007191443525871
4.961880940470235,1.000275607747123
4.975587793896948,1.0004207061813173
4.9892946473236615,1.0000999045826249
5.003001500750375,1.0005074873897517
5.016708354177088,1.0025554150631497
5.030415207603801,1.0004438618098956
5.044122061030515,1.0012553545529035
5.057828914457228,1.0012877205211765
5.071535767883941,0.9988686536818516
5.0852426213106545,1.0004693981477195
5.098949474737368,1.001029401738824
5.112656328164081,1.0023059660182574
5.126363181590795,0.9961419331426925
5.140070035017509,1.002264110885235
5.153776888444222,0.9986962784714254
5.167483741870935,1.0004372073294359
5.1811905952976485,0.999194876009505
5.194897448724362,1.0007052556510114
5.208604302151075,0.9970497568202861
5.222311155577788,0.9992031176545138
5.236018009004502,0.9977674026098509
5.249724862431215,1.0023454021398428
5.263431715857928,0.9984647596344258
5.2771385692846415,0.9980646447027747
5.290845422711355,1.0028362676159848
5.304552276138068,1.0015672758162808
5.318259129564782,1.001095392491406
5.331965982991496,1.0020975885312373
5.345672836418209,0.9990220857459305
5.359379689844922,0.9998750482564223
5.3730865432716355,0.9999609813761627
5.386793396698349,1.0039126370279445
5.400500250125062,1.0008373376220083
5.414207103551775,1.0012649889948335
5.427913956978489,1.0015868893221938
5.441620810405202,0.9994925620934112
5.455327663831915,1.0002907940808574
5.4690345172586285,1.0018880595474893
5.482741370685342,1.0014092926263405
5.496448224112055,1.0003025401148118
5.510155077538768,1.0014171592794017
5.523861930965483,0.99832898841226
5.537568784392196,1.0006074461400234
5.551275637818909,0.9995679965575626
5.5649824912456225,0.9981854166561581
5.578689344672336,1.0012897814236954
5.592396198099049,1.0024485121812818
5.606103051525762,1.000118546828885
5.619809904952476,0.9989868785868457
5.633516758379189,1.00092979217942
5.647223611805902,0.9999637235401118
5.660930465232616,0.995992928718443
5.674637318659329,1.0005207654087025
5.688344172086042,0.9992916586583008
5.7020510255127554,1.002682535367449
5.71575787893947,0.9993651598801594
5.729464732366183,0.9994374605643943
5.743171585792896,1.0016466247617415
5.7568784392196095,1.0001989983096784
5.770585292646323,0.9989451834859254
5.784292146073036,1.0004453192908551
5.797998999499749,0.9996818733625885
5.811705852926463,1.0008734610195755
5.825412706353176,0.999592946113023
5.839119559779889,1.002106917340385
5.852826413206603,0.9994909466184116
5.866533266633316,0.9999243406927839
5.880240120060029,0.9983409494145999
5.8939469734867425,0.999505439566646
5.907653826913456,0.9988858006716504
5.92136068034017,0.998788508302189
5.935067533766883,0.9968927195486132
5.9487743871935965,1.0001216975202134
5.96248124062031,1.0074930194780698
5.976188094047023,0.9986330009007452
5.989894947473736,1.000812120591161
6.00360180090045,1.0003277400930133
6.017308654327163,1.0001316578575732
6.031015507753876,1.0005309569177876
6.04472236118059,0.9995692689447011
6.058429214607303,0.999152950518592
6.072136068034016,0.9983043673843183
6.0858429214607295,0.9994925936508479
6.099549774887443,1.0013098760384327
6.113256628314156,0.9979841649374699
6.12696348174087,1.0012742757405801
6.1406703351675835,1.0001307447698027
6.154377188594297,0.9992548926070725
6.16808404202101,0.9984679734316739
6.181790895447723,1.002027546739664
6.195497748874437,1.0021465191342667
6.20920460230115,0.9987971591232087
6.222911455727863,0.9982730479245696
6.236618309154577,0.9981481537028248
6.25032516258129,1.0002855064510492
6.264032016008003,1.0010784854247896
6.2777388694347165,0.9967768325755594
6.29144572286143,1.0011594875502559
6.305152576288143,0.9975411394029733
6.318859429714857,0.9995839347362147
6.3325662831415706,1.000064967245441
6.346273136568284,0.9990844249677017
6.359979989994997,0.8827681656201153
6.37368684342171,0.8161077869402181
6.387393696848424,0.812729375839757
6.401100550275137,0.8134807619314054
6.41480740370185,0.8140771332333101
6.428514257128564,0.8137745551672658
6.442221110555277,0.8143245744354073
6.45592796398199,0.8165043479320746
6.4696348174087035,0.9493722636568915
6.483341670835417,1.002535789078488
6.49704852426213,1.000260637236614
6.510755377688843,1.0004280529293648
6.524462231115558,1.000593708368578
6.538169084542271,1.0027703383108744
6.551875937968984,1.0003060340472834
6.5655827913956974,0.9983887462477109
6.579289644822411,0.9974088361260375
6.592996498249124,0.9999223195970527
6.606703351675837,0.9996215567140233
6.620410205102551,1.0005415929426644
6.634117058529264,1.0024132948557634
6.647823911955977,1.0001970003559146
6.6615307653826905,1.0014816263935091
6.675237618809404,1.000875164699763
6.688944472236117,1.0004038350465154
6.70265132566283,1.0030355219329365
6.716358179089544,0.9997679612212735
6.730065032516258,0.9971457384111816
6.743771885942971,1.0018019922534052
6.7574787393696845,1.0010788127582007
6.771185592796398,0.999075883138615
6.784892446223111,0.9977396682196851
6.798599299649824,1.0001347407305465
6.812306153076538,1.0010213328885762
6.826013006503251,1.0022472582925472
6.839719859929964,1.0000278396739424
6.8534267133566775,1.0025247493294944
6.867133566783391,0.9970629178682178
6.880840420210104,0.9989580722530389
6.894547273636817,1.0009528775203267
6.908254127063531,0.9979611128200282
6.921960980490245,1.001685920981502
6.935667833916958,0.9991499808493416
6.9493746873436715,1.001002182115908
6.963081540770385,1.000652123066771
6.976788394197098,0.9994167444902985
6.990495247623811,1.0013786511498681
7.004202101050525,0.9991226358624996
7.017908954477238,1.0012675505968713
7.031615807903951,1.0012918617474238
7.0453226613306645,0.9989078942245104
7.059029514757378,0.9994960079865871
7.072736368184091,1.0006188767414188
7.086443221610804,0.9995632428957111
7.100150075037518,0.998317674700398
7.113856928464231,0.9913860034808432
7.127563781890945,0.9985146462043607
7.1412706353176585,0.9981347118860194
7.154977488744372,0.9983762789154949
7.168684342171085,0.9988957026985459
7.182391195597798,1.0000713193966182
7.196098049024512,1.0005173786999253
7.209804902451225,0.9997394128635655
7.223511755877938,0.999529651190363
7.2372186093046516,0.9995476200045178
7.250925462731365,1.000182073624577
7.264632316158078,0.9995767342417394
7.278339169584791,0.9995082320321915
7.292046023011505,0.9975895540491478
7.305752876438218,1.0021141117373291
7.319459729864932,1.0009526137886706
7.3331665832916455,0.9999918620264091
7.346873436718359,0.9993500533845021
7.360580290145072,1.0012155248549683
7.374287143571785,0.9994754675345868
7.387993996998499,0.9997703623004046
7.401700850425212,0.9991413789313908
7.415407703851925,1.0002370532850047
7.429114557278639,0.9990016009793753
7.442821410705352,0.9992626833628382
7.456528264132065,0.9989723676654501
7.4702351175587784,0.9992933983688052
7.483941970985492,0.9997818530182617
7.497648824412205,0.9980935004284467
7.511355677838918,1.0004223331485587
7.5250625312656325,1.0004522499012471
7.538769384692346,0.9998291289037721
7.552476238119059,1.0010666386165898
7.566183091545772,1.0006753997253395
7.579889944972486,0.9992321985521949
7.593596798399199,1.001890553779622
7.607303651825912,1.0004839875807072
7.621010505252626,1.0025990939018745
7.634717358679339,1.0010015993197716
7.648424212106052,0.9986188674667192
7.6621310655327655,1.0028972470958317
7.675837918959479,0.9983685311114301
7.689544772386192,0.9975797366079797
7.703251625812905,1.0020909998218537
7.716958479239619,0.9994961972291465
7.730665332666333,0.9997755432630379
7.744372186093046,1.0012443709503998
7.758079039519759,0.9983428159751127
7.771785892946473,0.9994197704659056
7.785492746373186,0.998195553627644
7.799199599799899,1.0001023200251362
7.812906453226613,0.9972440431051737
7.826613306653326,0.9992407476428132
7.840320160080039,1.0008477281313026
7.8540270135067525,1.0002646095708054
7.867733866933466,0.9993357735312716
7.881440720360179,1.0023053792989562
7.895147573786892,0.9960746602083087
7.908854427213606,1.0008205797808523
7.92256128064032,1.0000699460706193
7.936268134067033,0.9978650556668593
7.949974987493746,1.0014875619424861
7.96368184092046,0.9992214744761603
7.977388694347173,1.0009784799564363
7.991095547773886,0.9995964795220802
8.0048024012006,1.000269961589147
8.018509254627313,1.0013412876419963
8.032216108054026,0.9998797210414806
8.04592296148074,1.001206219183682
8.059629814907453,1.0029156887794988
8.073336668334166,0.9985019689285575
8.08704352176088,1.0024872597139691
8.100750375187593,0.9989419138495882
8.114457228614306,1.000523583769603
8.12816408204102,0.9997157863281957
8.141870935467733,1.000662640353012
8.155577788894446,0.9996325052667631
8.16928464232116,0.9997007139201717
8.182991495747872,0.9992611534184997
8.196698349174586,1.0016144662874946
8.210405202601299,1.0011874545657817
8.224112056028014,1.0014664480546944
8.237818909454727,1.000757147614011
8.25152576288144,0.9983102694020995
8.265232616308154,0.9982319863170681
8.278939469734867,0.9984836095516171
8.29264632316158,0.9978403181856208
8.306353176588294,0.999294994924336
8.320060030015007,0.9983469364937245
8.33376688344172,0.9986240029002101
8.347473736868434,1.0003109375188806
8.361180590295147,0.9993883390588468
8.37488744372186,0.9998184189934023
8.388594297148574,1.0021659636730351
8.402301150575287,1.0015025417810801
8.416008004002,0.9998712561114144
8.429714857428714,1.0004217671327102
8.443421710855427,1.002023837163481
8.45712856428214,1.000669016416242
8.470835417708853,1.0014367080389739
8.484542271135567,0.9982508814353737
8.49824912456228,0.8038199708964476
8.511955977988993,0.5234212979446397
8.525662831415707,0.5180037542580638
8.53936968484242,0.5191394264417379
8.553076538269133,0.5176464683340322
8.566783391695846,0.5190425979834264
8.58049024512256,0.5180303728873391
8.594197098549273,0.5179751664003241
8.607903951975986,0.514752651368335
8.6216108054027,0.5181679943928784
8.635317658829415,0.7691858979967566
8.649024512256128,0.9981269681243817
8.662731365682841,1.0016547715520858
8.676438219109555,1.000855610107114
8.690145072536268,0.9983135394745801
8.703851925962981,1.00333821765918
8.717558779389694,1.0014063931086339
8.731265632816408,1.0007922370746511
8.744972486243121,1.0001553518790445
8.758679339669834,1.0005067529839682
8.772386193096548,1.0000855645133635
8.786093046523261,1.0011179733736353
8.799799899949974,1.003471168111442
8.813506753376688,0.9984008810887011
8.8272136068034,0.9991210608270913
8.840920460230114,0.9986939513654807
8.854627313656827,1.0013438205512415
8.86833416708354,1.0003731612796354
8.882041020510254,1.00071688302717
8.895747873936967,1.0011936410581617
8.90945472736368,0.998686778935278
8.923161580790394,1.0010258048627758
8.936868434217107,0.9996610803137995
8.95057528764382,1.0028936821925343
8.964282141070534,0.9992276372546968
8.977988994497247,0.9997083959861555
8.99169584792396,0.9999065939751698
9.005402701350674,0.997944575103582
9.019109554777387,1.0008901605332363
9.032816408204102,1.0011132181817721
9.046523261630815,1.0026912838550164
9.060230115057529,1.0002134505016775
9.073936968484242,1.0001406943369056
9.087643821910955,0.9995945089551442
9.101350675337669,1.0018941084862543
9.115057528764382,1.0034149552004712
9.128764382191095,0.9986576457197913
9.142471235617808,1.0010367830586089
9.156178089044522,0.9987999308313111
9.169884942471235,1.0004902964830473
9.183591795897948,0.9994689297205286
9.197298649324662,1.0002534420539237
9.211005502751375,1.0014214261775514
9.224712356178088,1.0010383011791435
9.238419209604801,1.0017608572500927
9.252126063031515,0.9995897944152555
9.265832916458228,1.0012027644534212
9.279539769884941,0.9970415452035355
9.293246623311655,0.9997742311200968
9.306953476738368,0.9983851974286209
9.320660330165081,0.9998375786054997
9.334367183591795,1.000230408558292
9.348074037018508,0.9999553285136922
9.361780890445221,1.000085162404104
9.375487743871934,1.0012355737312104
9.389194597298648,1.0015891949177052
9.402901450725361,0.9990847692321556
9.416608304152074,1.0029547069049447
9.43031515757879,0.9994737723606943
9.444022011005503,0.9998534506974
9.457728864432216,1.0008128233319953
9.47143571785893,1.0014240471330016
9.485142571285643,0.9983683762926754
9.498849424712356,1.002041173904498
9.51255627813907,1.0003675318516683
9.526263131565782,1.0011488343348012
9.539969984992496,0.9986107602246206
9.553676838419209,0.9995543620794989
9.567383691845922,1.0009067208847622
9.581090545272636,1.0000459348029818
9.594797398699349,0.9992304647840616
9.608504252126062,1.0015774450943216
9.622211105552775,1.0017162022312271
9.635917958979489,0.9997426214916291
9.649624812406202,1.0003875133974416
9.663331665832915,0.99926032227401
9.677038519259629,0.9980203897152596
9.690745372686342,1.000715602595136
9.704452226113055,1.0010781134239137
9.718159079539769,1.000366332191359
9.731865932966482,1.0016017641154389
9.745572786393195,0.9996835736126446
9.759279639819908,1.000921491963912
9.772986493246622,0.9991658713554578
9.786693346673335,1.0004602031956473
9.800400200100048,1.0009312675742277
9.814107053526762,1.0008354945133235
9.827813906953477,0.9985083387614232
9.84152076038019,0.9986963001762511
9.855227613806903,0.9977468071470423
9.868934467233617,1.0037604767058834
9.88264132066033,0.9997348956668025
9.896348174087043,0.9990679835437395
9.910055027513756,0.9992132385511131
9.92376188094047,0.9998949274980111
9.937468734367183,1.0014019172879043
9.951175587793896,1.0008521108118003
9.96488244122061,0.9996910088887403
9.978589294647323,1.0017882921817505
9.992296148074036,1.0014963845890963
10.00600300150075,1.000574538276095
10.019709854927463,0.9957823463988709
10.033416708354176,0.9991666213884406
10.04712356178089,1.0013714111834724
10.060830415207603,0.999427079522893
10.074537268634316,0.9996617723311864
10.08824412206103,0.9996159261227521
10.101950975487743,0.9991010561330452
10.115657828914456,0.9988001233530741
10.12936468234117,1.000206501245806
10.143071535767882,0.9999063535582259
10.156778389194596,0.9965448528577371
10.170485242621309,0.9999689748442981
10.184192096048022,1.0006110403539914
10.197898949474736,1.0000073335943231
10.211605802901449,0.9988295144967603
10.225312656328162,1.0001925519644839
10.239019509754877,0.9994875534366627
10.25272636318159,1.0010973382029027
10.266433216608304,0.9982663787058869
10.280140070035017,0.9993213461013584
10.29384692346173,1.0008275640672328
10.307553776888444,1.001202121079041
10.321260630315157,0.9996055304991125
10.33496748374187,1.0001835810773994
10.348674337168584,1.000199571979316
10.362381190595297,0.9978224409068505
10.37608804402201,1.002844473694496
10.389794897448724,1.001183451448304
10.403501750875437,1.0027033095051983
10.41720860430215,0.9999334726848119
10.430915457728863,0.9995133019099709
10.444622311155577,0.9998858389676993
10.45832916458229,1.0002347166417216
10.472036018009003,0.9991937701751535
10.485742871435717,0.9974015879863654
10.49944972486243,1.0012363172946925
10.513156578289143,1.0002603162905825
10.526863431715856,1.0000437292174928
10.54057028514257,1.0002413043312632
10.554277138569283,0.9985764199783741
10.567983991995996,0.9986349376782544
10.58169084542271,1.0011238933965
10.595397698849423,0.9999838209070255
10.609104552276136,0.9995509036873695
10.62281140570285,0.9983957746586694
10.636518259129565,1.0012801008655128
10.650225112556278,1.000325673279688
10.663931965982991,0.9659291045906012
10.677638819409704,0.8310931487580844
10.691345672836418,0.8127789686716294
10.705052526263131,0.813731198993869
10.718759379689844,0.8156676586892001
10.732466233116558,0.8138466202116234
10.746173086543271,0.8147943764388992
10.759879939969984,0.8131371411685656
10.773586793396698,0.8738563007220012
10.78729364682341,1.000561534845106
10.801000500250124,1.0018875794066964
10.814707353676837,1.0008874852821734
10.82841420710355,0.9987927826039644
10.842121060530264,0.9984398257491938
10.855827913956977,0.9975851205793133
10.86953476738369,1.0004336766367752
10.883241620810404,0.999780571075455
10.896948474237117,0.997800169154768
10.91065532766383,0.9991615982319927
10.924362181090544,0.9990923429710709
10.938069034517257,1.000105382923651
10.95177588794397,0.9971093590940547
10.965482741370684,1.002683877654589
10.979189594797397,0.9974240129735946
10.99289644822411,0.9993062807482604
11.006603301650824,1.000374016861197
11.020310155077537,1.000086158684415
11.034017008504252,0.997973964860267
11.047723861930965,0.9987511535097637
11.061430715357679,1.0015200410111078
11.075137568784392,0.9983650297574791
11.088844422211105,0.9988070822353571
11.102551275637818,0.9992692729162486
11.116258129064532,0.9980206665769147
11.129964982491245,1.0008327757779207
11.143671835917958,1.0005367637463736
11.157378689344672,1.0002091441003012
11.171085542771385,0.9985244573610602
11.184792396198098,1.001844264866736
11.198499249624811,1.001180810687582
11.212206103051525,1.000807195730128
11.225912956478238,1.0008196476708984
11.239619809904951,1.0012607459476164
11.253326663331665,1.001131078502203
11.267033516758378,1.0006245458419736
11.280740370185091,0.9998275608234211
11.294447223611805,1.0002675701486758
11.308154077038518,0.9983714006355703
11.321860930465231,1.002329492895212
11.335567783891944,0.9974949501202485
11.349274637318658,1.0022577589782031
11.362981490745371,1.0010925299927231
11.376688344172084,1.0016864039170377
11.390395197598798,1.001032544763361
11.404102051025511,1.0012926533159923
11.417808904452224,1.002941081106481
11.43151575787894,1.000053672786227
11.445222611305653,1.0000123984087763
11.458929464732366,0.9988806551397329
11.47263631815908,0.9987338369233618
11.486343171585792,0.997366777311807
11.500050025012506,0.9968307013530584
11.513756878439219,1.0001475642888042
11.527463731865932,1.00109911534354
11.541170585292646,1.0006797572956103
11.554877438719359,1.0009739971183906
11.568584292146072,1.003493844448789
11.582291145572785,0.9995061512176153
11.595997998999499,1.000887763248699
11.609704852426212,0.9982302344831052
11.623411705852925,1.0010761301450097
11.637118559279639,0.9990280994960264
11.650825412706352,0.9998003745762124
11.664532266133065,1.000211427384425
11.678239119559779,0.9991681896278858
11.691945972986492,1.0030191038617842
11.705652826413205,1.0004501853730619
11.719359679839918,1.0022355090159796
11.733066533266632,1.001773629149241
11.746773386693345,1.000822285483094
11.760480240120058,0.9997190089746367
11.774187093546772,0.9988742683331001
11.787893946973485,1.0009162920789638
11.801600800400198,1.0003144165561857
11.815307653826912,1.0015018737776262
11.829014507253625,1.0000930418635625
11.84272136068034,1.0008463182093625
11.856428214107053,0.9992558707028536
11.870135067533766,0.9995785879704465
11.88384192096048,1.0005130302088219
11.897548774387193,1.0009630096233533
11.911255627813906,0.9993976421453497
11.92496248124062,0.9991158002739408
11.938669334667333,0.9969887302052648
11.952376188094046,0.9989030860656287
11.96608304152076,0.9992788341334584
11.979789894947473,0.9975326391406557
11.993496748374186,0.9995071232380124
12.0072036018009,0.9976302599191057
12.020910455227613,1.0005756905779093
12.034617308654326,1.0002260829056944
12.04832416208104,0.9975909239165485
12.062031015507753,1.0000570578907684
12.075737868934466,1.00060970159928
12.08944472236118,1.0009739913471998
12.103151575787892,0.9998205795031521
12.116858429214606,1.0000879885100333
12.130565282641319,1.0031119862217477
12.144272136068032,1.0000357194486662
12.157978989494746,0.9983843635898061
12.171685842921459,0.9918575696304239
12.185392696348172,0.9991073127869078
12.199099549774886,0.9989748989330153
12.212806403201599,0.9974651115633569
12.226513256628312,1.0001696965403
12.240220110055027,1.0028083747841918
12.25392696348174,1.0023284141548894
12.267633816908454,1.0007686771648783
12.281340670335167,1.00192045832628
12.29504752376188,1.0008473740072228
12.308754377188594,0.9988299656176343
12.322461230615307,1.0021360461053177
12.33616808404202,1.0003494794649037
12.349874937468734,1.0003686398925864
12.363581790895447,1.00130809871082
12.37728864432216,1.0001430401623805
12.390995497748873,1.00131694815989
12.404702351175587,1.0017663061613489
12.4184092046023,0.9979220371866591
12.432116058029013,0.9987703552162965
12.445822911455727,1.000773887829344
12.45952976488244,1.0002956444825108
12.473236618309153,0.9988653906032741
12.486943471735866,1.0029220099825074
12.50065032516258,0.9989420288604266
12.514357178589293,1.001055193572563
12.528064032016006,1.000136789523607
12.54177088544272,1.0009505665079548
12.555477738869433,0.9996402838188987
12.569184592296146,0.9994605080806731
12.58289144572286,1.0025808866245602
12.596598299149573,0.9999370082744031
12.610305152576286,1.00172358750808
12.624012006003,0.9968541686652349
12.637718859429715,0.9996281443530125
12.651425712856428,0.9998373693220428
12.665132566283141,0.99899807714814
12.678839419709854,0.9998191430124568
12.692546273136568,0.999254474286913
12.706253126563281,1.0012535800984717
12.719959979989994,1.0020433982779637
12.733666833416708,1.0007690683896835
12.74737368684342,1.00127954955502
12.761080540270134,1.0004678366571527
12.774787393696847,1.00255690431927
12.78849424712356,1.0018055367046272
12.802201100550274,0.9697290450468483
12.815907953976987,0.6915730362529469
12.8296148074037,0.5174488291943077
12.843321660830414,0.5186453841769901
12.857028514257127,0.5197567700850843
12.87073536768384,0.5202668660018666
12.884442221110554,0.5160993234216819
12.898149074537267,0.5201445224659446
12.91185592796398,0.5187121631480892
12.925562781390694,0.5157815603997901
12.939269634817407,0.6067176873099179
12.95297648824412,0.8858092620794904
12.966683341670834,0.9991112364512282
12.980390195097547,1.0068031839583018
12.99409704852426,1.000714001876262
13.007803901950973,1.001617571464714
13.021510755377687,0.9988115498061853
13.035217608804402,0.9990115735479278
13.048924462231115,1.0001689404711909
13.062631315657828,1.0030376441818074
13.076338169084542,0.9989566684325377
13.090045022511255,1.0017241735966826
13.103751875937968,0.9983140123484859
13.117458729364682,0.9995053491411597
13.131165582791395,0.9997115826834819
13.144872436218108,0.9989024102149364
13.158579289644821,1.0035035745596073
13.172286143071535,0.9991826240825217
13.185992996498248,0.9985415351724759
13.199699849924961,1.0019141603986332
13.213406703351675,0.9980617294558422
13.227113556778388,1.0006781782951382
13.240820410205101,0.9979739521525074
13.254527263631815,1.0040836504330437
13.268234117058528,1.0018048519380665
13.281940970485241,0.9996712464576273
13.295647823911954,0.9973295347782553
13.309354677338668,1.001092487022591
13.323061530765381,0.9975112897022832
13.336768384192094,1.001746001342779
13.350475237618808,1.0007819131897846
13.364182091045521,0.9983787530377679
13.377888944472234,0.9998228554490881
13.391595797898947,0.998562517012899
13.40530265132566,0.9999335803831773
13.419009504752374,0.9971764248558092
13.432716358179087,1.0011597043340894
13.446423211605802,1.0014868469578062
13.460130065032516,1.0005248527705197
13.473836918459229,0.9980338734356187
13.487543771885942,0.9984760417901132
13.501250625312656,0.9970270936989429
13.514957478739369,1.0022517170158263
13.528664332166082,0.9999768760880573
13.542371185592796,0.998072915516179
13.556078039019509,0.9991018378014535
13.569784892446222,0.9995445480880882
13.583491745872935,1.0019875695877967
13.597198599299649,1.002285396215856
13.610905452726362,0.9997228461508092
13.624612306153075,0.9967940039970933
13.638319159579789,0.9991066908843722
13.652026013006502,1.0018499884161616
13.665732866433215,1.0011666326009767
13.679439719859928,0.9986886491644855
13.693146573286642,0.9990898549388235
13.706853426713355,1.0001734412076344
13.720560280140068,0.9969724653232762
13.734267133566782,0.9986296026196225
13.747973986993495,0.9992295664463914
13.761680840420208,1.0014443953411367
13.775387693846922,0.9979596825723412
13.789094547273635,1.0021790769330154
13.802801400700348,1.0012765338002523
13.816508254127061,0.9986552586812154
13.830215107553775,1.0009708208446177
13.84392196098049,1.0041400273499768
13.857628814407203,0.9999073598469338
13.871335667833916,1.0025467445966842
13.88504252126063,0.9984893888055912
13.898749374687343,1.0011513082813297
13.912456228114056,0.9980875928265163
13.92616308154077,0.9981852233120685
13.939869934967483,0.9995395396095796
13.953576788394196,1.0003413383683435
13.96728364182091,0.9958884903776694
13.980990495247623,0.9988465020681965
13.994697348674336,0.997810301461601
14.00840420210105,0.9986892155637768
14.022111055527763,1.00088275760462
14.035817908954476,1.0019801010820286
14.04952476238119,1.0035344229644305
14.063231615807902,1.000762235940423
14.076938469234616,1.0021313768185154
14.090645322661329,0.9968345842468882
14.104352176088042,0.9993225086957422
14.118059029514756,0.9997243350235762
14.131765882941469,1.0010524349205099
14.145472736368182,0.9989610355544821
14.159179589794896,1.0002131801420642
14.172886443221609,0.9994228467643193
14.186593296648322,1.0052530640831354
14.200300150075035,1.0022309477637927
14.214007003501749,0.9988812254138708
14.227713856928462,1.0002720007429597
14.241420710355177,0.9987310062083145
14.25512756378189,1.0023255305274006
14.268834417208604,0.9982585012315465
14.282541270635317,0.9992665508937045
14.29624812406203,0.9990815925897314
14.309954977488744,0.9987604258251864
14.323661830915457,1.000174112904606
14.33736868434217,0.9973593561803886
14.351075537768883,0.9999297944897707
14.364782391195597,0.9978437727962668
14.37848924462231,1.0012535092103367
14.392196098049023,0.9999885456575128
14.405902951475737,1.0009985613162333
14.41960980490245,1.0000932977514183
14.433316658329163,1.0004003688738583
14.447023511755877,1.001251113203415
14.46073036518259,1.0001861845975157
14.474437218609303,0.9988982963538153
14.488144072036016,1.000761161369897
14.50185092546273,1.0006797578737943
14.515557778889443,0.9987927073637386
14.529264632316156,1.0000541768004179
14.54297148574287,1.0014200562141642
14.556678339169583,0.9991601726900874
14.570385192596296,1.0032356743571358
14.58409204602301,0.9987628680955255
14.597798899449723,1.0006411075945503
14.611505752876436,1.0011400784258577
14.62521260630315,0.9989815437799676
14.638919459729864,1.001866861738921
14.652626313156578,0.9992627338102801
14.666333166583291,0.9984399184414591
14.680040020010004,1.0004607332628364
14.693746873436718,1.0012152898140427
14.70745372686343,1.0003748663417473
14.721160580290144,1.0027873284172009
14.734867433716857,1.0009814464183084
14.74857428714357,0.9989754441848886
14.762281140570284,1.0022895390914501
14.775987993996997,1.0009840719876826
14.78969484742371,0.9996870075338571
14.803401700850424,0.9993845568273123
14.817108554277137,1.0015645056014777
14.83081540770385,1.0021512154090753
14.844522261130564,1.0004266220399554
14.858229114557277,0.9992567880007428
14.87193596798399,0.9987584674010027
14.885642821410704,1.0005233101505997
14.899349674837417,1.000945897478385
14.91305652826413,1.001112087349747
14.926763381690844,1.0017020415729494
14.940470235117557,1.001181551641441
14.95417708854427,0.9984361755566004
14.967883941970983,1.0007190958017274
14.981590795397697,0.9122104796822814
14.99529764882441,0.8138702869937279
15.009004502251123,0.8117212300936271
15.022711355677837,0.8132813977731153
15.03641820910455,0.8143940250285343
15.050125062531265,0.8142822927969388
15.063831915957978,0.8115228161199727
15.077538769384692,0.8131309489105805
15.091245622811405,0.9235970572585067
15.104952476238118,0.9997610537215035
15.118659329664832,0.9993194706281404
15.132366183091545,0.997914789742105
15.146073036518258,0.9993170394707768
15.159779889944971,0.9985730213294777
15.173486743371685,1.0016940935696668
15.187193596798398,0.9987348366100436
15.200900450225111,1.001345357707133
15.214607303651825,0.9980989106851947
15.228314157078538,1.0024864680025756
15.242021010505251,0.9978179908423501
15.255727863931964,1.0011298487712863
15.269434717358678,1.0012102549091206
15.283141570785391,0.9990695879531126
15.296848424212104,1.0004430589278965
15.310555277638818,1.0003641675465327
15.324262131065531,1.0028967404535825
15.337968984492244,1.0011681937418357
15.351675837918958,0.9994605373051746
15.36538269134567,1.0013565366981638
15.379089544772384,0.9966424982517754
15.392796398199097,1.0004329886964625
15.40650325162581,0.9998316202700641
15.420210105052524,1.000691054623149
15.433916958479237,1.0011798337029654
15.447623811905952,0.9993297153275724
15.461330665332666,0.9970091519330271
15.475037518759379,1.0004865274635124
15.488744372186092,0.9983869870695771
15.502451225612806,0.9989265418639015
15.516158079039519,0.9986947000536887
15.529864932466232,0.9970065826252416
15.543571785892945,0.9996428739448884
15.557278639319659,0.9995727075734016
15.570985492746372,1.0003819420579765
15.584692346173085,0.9983602902291245
15.598399199599799,0.9994081448052841
15.612106053026512,1.0019408161252483
15.625812906453225,1.0010095455653103
15.639519759879938,0.9992445663656131
15.653226613306652,0.9995350574160164
15.666933466733365,0.9998271305580336
15.680640320160078,1.0012374269812183
15.694347173586792,0.9989996086957693
15.708054027013505,0.9985667578860185
15.721760880440218,1.0020738111046383
15.735467733866932,1.0013193733545451
15.749174587293645,1.0010333527847322
15.762881440720358,0.9997165429922739
15.776588294147071,1.0029062276342404
15.790295147573785,1.0010536076035914
15.804002001000498,0.9998484360601136
15.817708854427211,0.9972357034450473
15.831415707853925,1.000477622667282
15.84512256128064,0.9974423041193838
15.858829414707353,0.9992096788106286
15.872536268134066,0.9993544102561505
15.88624312156078,1.0002570296013509
15.899949974987493,0.9959447611142247
15.913656828414206,1.001521936139601
15.92736368184092,1.0030791942082167
15.941070535267633,1.000354164837807
15.954777388694346,1.00146703388253
15.96848424212106,1.001089970459043
15.982191095547773,0.9994285486164242
15.995897948974486,0.9981317287693636
16.0096048024012,1.000214284600137
16.02331165582791,0.998193813045164
16.037018509254626,0.999647826031816
16.05072536268134,1.0003482624181639
16.064432216108052,1.0009592437809764
16.078139069534767,0.998250501397223
16.09184592296148,0.9995506032677951
16.105552776388194,0.9996203862704266
16.119259629814906,0.9993646177733158
16.13296648324162,1.0007215743736133
16.146673336668332,0.9989706496714095
16.160380190095047,0.9997923260704167
16.17408704352176,0.9984070333937295
16.187793896948474,1.0013905283741373
16.201500750375185,1.000011062132525
16.2152076038019,1.0015039129512933
16.228914457228612,1.0007392912466206
16.242621310655327,0.9981515730449391
16.25632816408204,1.0005295513608163
16.270035017508754,0.9989712201994232
16.283741870935465,0.9999372124456292
16.29744872436218,1.0002814567184162
16.31115557778889,1.0012256469867489
16.324862431215607,1.0010603824283313
16.33856928464232,1.0007637371438804
16.352276138069033,1.0009561626511172
16.365982991495745,0.998248240980191
16.37968984492246,0.9992251171125295
16.39339669834917,1.0006009513565666
16.407103551775887,1.0016323931120077
16.420810405202598,0.9992357222686711
16.434517258629313,0.9965525077685473
16.448224112056028,0.9970102248726082
16.46193096548274,1.0017224642999574
16.475637818909455,0.9979019082750593
16.489344672336166,0.9975830106398423
16.50305152576288,1.0009626971082612
16.516758379189593,1.0018189431751647
16.530465232616308,1.0005718169938143
16.54417208604302,1.001701359104907
16.557878939469735,1.0012501869913872
16.571585792896446,0.9985301098146583
16.58529264632316,1.0020695811375926
16.598999499749873,0.9972093795055897
16.612706353176588,0.9979017380607816
16.6264132066033,1.000031464476555
16.640120060030014,1.0007484216905593
16.653826913456726,1.001145019935551
16.66753376688344,1.0005794674629909
16.681240620310152,0.997938992002217
16.694947473736867,1.002255349592058
16.70865432716358,1.000141256496331
16.722361180590294,1.0000709114481636
16.736068034017006,0.9997401601680218
16.74977488744372,1.0004662112242906
16.763481740870432,0.9984980020518265
16.777188594297147,1.001878174855812
16.79089544772386,0.9985104955828998
16.804602301150574,1.001594492978102
16.818309154577285,0.9979060467493042
16.832016008004,1.0014458523751872
16.845722861430716,1.0031445155851024
16.859429714857427,1.0005931521572615
16.873136568284142,1.0006384525167573
16.886843421710854,0.9985283571431565
16.90055027513757,1.002014983252133
16.91425712856428,1.0008180510724305
16.927963981990995,1.0028407067093077
16.941670835417707,0.9981267200073825
16.955377688844422,1.0011861955562615
16.969084542271133,0.9995371487575139
16.98279139569785,1.0011227930276791
16.99649824912456,0.999339638904243
17.010205102551275,1.000246634712369
17.023911955977987,1.0006100418624424
17.0376188094047,1.0007769502094246
17.051325662831413,1.0015167462161694
17.06503251625813,0.9996375408839069
17.07873936968484,1.0005714000549937
17.092446223111555,1.000369409411869
17.106153076538266,1.0000639508748608
17.11985992996498,0.8574230520430741
17.133566783391693,0.5796442851352571
17.147273636818408,0.5166006263873911
17.16098049024512,0.5175874027890031
17.174687343671835,0.518622247634467
17.188394197098546,0.5180828775039443
17.20210105052526,0.5162506609506285
17.215807903951973,0.5183109703194896
17.229514757378688,0.5211728445425263
17.2432216108054,0.5175022052988881
17.256928464232114,0.7158554475318315
17.27063531765883,0.9983207484172997
17.28434217108554,1.0002851503094243
17.298049024512256,1.003003676694252
17.311755877938968,0.9984875313800666
17.325462731365683,0.9996631002897811
17.339169584792394,1.000638826885221
17.35287643821911,1.0004132506275742
17.36658329164582,1.0003074571527857
17.380290145072536,0.9993102118550248
17.393996998499247,1.0016704398882568
17.407703851925962,1.0008262499946905
17.421410705352674,1.0007242157513236
17.43511755877939,0.9987070313838382
17.4488244122061,0.9988232454308765
17.462531265632816,1.0008805782827144
17.476238119059527,1.0005862932267944
17.489944972486242,1.001459769205104
17.503651825912954,1.0002371011809819
17.51735867933967,1.0003501963655026
17.53106553276638,1.0005697318419788
17.544772386193095,1.00078645873786
17.558479239619807,0.9999400272424402
17.572186093046522,1.0031241364426018
17.585892946473233,0.9995052383313902
17.59959979989995,0.9991027293529061
17.61330665332666,0.999660849685247
17.627013506753375,1.0003088790844534
17.640720360180087,0.9985343927413259
17.6544272136068,0.9995014383687383
17.668134067033517,1.0021866575070504
17.68184092046023,1.000646823201299
17.695547773886943,1.000360528067559
17.709254627313655,1.0029873797924544
17.72296148074037,0.9990270304275166
17.73666833416708,0.9998532070559571
17.750375187593797,0.9985549025889228
17.764082041020508,1.0000221421374902
17.777788894447223,0.9988684931079834
17.791495747873935,0.9984489727628182
17.80520260130065,0.996714125086623
17.81890945472736,1.0010305654653742
17.832616308154076,1.0013295324985834
17.846323161580788,1.0009271467268577
17.860030015007503,1.0001644868884492
17.873736868434214,1.001207745153341
17.88744372186093,1.0006455815556383
17.90115057528764,0.9991477936740396
17.914857428714356,1.0005073888353757
17.928564282141068,1.0026495155695077
17.942271135567783,1.0012855563079073
17.955977988994494,1.0004160553928532
17.96968484242121,0.9999402446944947
17.98339169584792,1.0014291202360461
17.997098549274636,0.9998311935321996
18.010805402701347,1.0004235249006892
18.024512256128062,0.9981977888860227
18.038219109554774,1.0011039530893011
18.05192596298149,1.0003348389428233
18.065632816408204,0.9984609883241019
18.079339669834916,0.9989894206583377
18.09304652326163,1.0020227580351793
18.106753376688342,0.9985745462252094
18.120460230115057,0.9997722610442129
18.13416708354177,0.9991666950831647
18.147873936968484,1.000358701870597
18.161580790395195,0.9997216108543076
18.17528764382191,1.000402516673994
18.188994497248622,1.001673888991565
18.202701350675337,1.0013295777708562
18.21640820410205,1.0012697289136785
18.230115057528764,1.0010022033780968
18.243821910955475,1.0011036721135853
18.25752876438219,0.9989736482920926
18.2712356178089,1.0009430624349207
18.284942471235617,0.9997727434762884
18.29864932466233,1.0016183824580096
18.312356178089043,1.0003178581005059
18.326063031515755,1.0001732576525038
18.33976988494247,1.0011559406064703
18.35347673836918,0.9985472846863012
18.367183591795897,1.0025667873764617
18.380890445222608,0.999944850841299
18.394597298649323,1.0024671155523102
18.408304152076035,0.9973074113263567
18.42201100550275,0.9981562506385913
18.43571785892946,0.9993233444064971
18.449424712356176,1.0009333246010432
18.46313156578289,1.0014329263618404
18.476838419209603,0.9962609661054898
18.490545272636318,1.0003389913870928
18.50425212606303,1.0045318705955608
18.517958979489745,0.9982124195688297
18.531665832916456,1.0004654540773257
18.54537268634317,1.0027398554392206
18.559079539769883,0.998755088535668
18.572786393196598,1.000439001486872
18.58649324662331,1.002484497784365
18.600200100050024,1.0002069127481434
18.613906953476736,0.9992367574395302
18.62761380690345,0.9997886160203798
18.641320660330162,0.9992885091902909
18.655027513756878,0.9997407651564966
18.66873436718359,1.001045159950138
18.682441220610304,0.9993607120705178
18.696148074037016,0.9994533567750511
18.70985492746373,1.0001872403904761
18.723561780890442,0.998960797773935
18.737268634317157,1.001593947777028
18.75097548774387,0.9999455372387905
18.764682341170584,1.000983348763214
18.778389194597295,0.9996908055607434
18.79209604802401,0.9998571783484174
18.805802901450722,1.0012186729356678
18.819509754877437,0.999363122041979
18.83321660830415,0.9998303394457895
18.846923461730864,0.9971237736863189
18.86063031515758,1.0002889479998447
18.87433716858429,1.0011079753000196
18.888044022011005,1.0027872214543179
18.901750875437717,1.0014877664652064
18.915457728864432,0.9991041005758702
18.929164582291143,1.0001029889289974
18.94287143571786,0.9970714722742456
18.95657828914457,1.0006562227255718
18.970285142571285,1.0016344209340795
18.983991995997997,1.0008754442113577
18.99769884942471,1.0006322368470952
19.011405702851423,1.0001005396380258
19.02511255627814,1.0003918307093982
19.03881940970485,0.9993632578039428
19.052526263131565,0.9974407038100954
19.066233116558276,1.001489818511826
19.07993996998499,1.0013886264844818
19.093646823411703,1.0005382791076038
19.107353676838418,0.998707852114701
19.12106053026513,0.9952207010014841
19.134767383691845,1.0013808387573637
19.148474237118556,0.9961211853944364
19.16218109054527,0.9984550781441459
19.175887943971983,0.9985776046199
19.189594797398698,1.0004200186605903
19.20330165082541,1.001775558336756
19.217008504252124,0.9988286517083859
19.230715357678836,0.9993582744096617
19.24442221110555,1.0005868409835441
19.258129064532266,0.998232701895829
19.271835917958978,0.9996186136926262
19.285542771385693,0.9937882283011658
19.299249624812404,0.8568849926509265
19.31295647823912,0.8136602050866705
19.32666333166583,0.8146603508297438
19.340370185092546,0.8150218722748359
19.354077038519257,0.8129302483702933
19.367783891945972,0.8157668281202699
19.381490745372684,0.8146152749849699
19.3951975987994,0.8452170875493356
19.40890445222611,0.9800865023439037
19.422611305652826,0.998935385506385
19.436318159079537,1.0018847231119516
19.450025012506252,1.0023990974536807
19.463731865932964,0.999720436632466
19.47743871935968,0.9991201878636953
19.49114557278639,0.9985717059391331
19.504852426213105,0.9988359748423448
19.518559279639817,1.002950829225738
19.532266133066532,0.9996232491534827
19.545972986493243,1.000158913445617
19.55967983991996,1.0014884882398036
19.57338669334667,1.001584352187631
19.587093546773385,1.000201306091158
19.600800400200097,1.0017638709379206
19.61450725362681,0.9995922275374112
19.628214107053523,0.9989039802930675
19.64192096048024,0.9992325859653834
19.655627813906953,1.002321340202772
19.669334667333665,0.9989223713247566
19.68304152076038,1.001511907487656
19.69674837418709,1.0000691421064918
19.710455227613807,0.9993221276742891
19.724162081040518,1.0004638423377308
19.737868934467233,0.9981268510221614
19.751575787893945,0.9992719648495552
19.76528264132066,1.0004822784614351
19.77898949474737,0.9990780371414828
19.792696348174086,1.0022419806896081
19.806403201600798,1.0016657372598192
19.820110055027513,1.0019744590290165
19.833816908454224,1.0005693732574135
19.84752376188094,0.9979051894045731
19.86123061530765,1.001305323861171
19.874937468734366,1.0012832330094605
19.888644322161078,1.001274140538884
19.902351175587793,0.9988197821713874
19.916058029014504,0.9993830210629822
19.92976488244122,1.0001989398758182
19.94347173586793,1.0022910306059227
19.957178589294646,1.0026408834002694
19.970885442721357,1.001783852635975
19.984592296148072,1.0005362452906728
19.998299149574784,0.9991792444537735
20.0120060030015,1.0004295747712337
20.02571285642821,1.0023091610156616
20.039419709854926,1.0030992916700838
20.05312656328164,0.9985037285704398
20.066833416708352,1.0000654679178176
20.080540270135067,1.000357049331588
20.09424712356178,0.9987621068636695
20.107953976988494,1.0012809355163745
20.121660830415205,1.000013169442861
20.13536768384192,0.9991707719276262
20.149074537268632,1.00234736819846
20.162781390695347,1.0005118984350299
20.17648824412206,1.0009098739494366
20.190195097548774,1.0016080818620463
20.203901950975485,0.9980893438489675
20.2176088044022,1.0002763840937554
20.23131565782891,1.0017616459780285
20.245022511255627,1.000724897449454
20.25872936468234,1.0014394572150036
20.272436218109053,0.9982062909831227
20.286143071535765,0.9982066127091602
20.29984992496248,0.9976394472426641
20.31355677838919,1.0000906463286705
20.327263631815907,0.9993759966370012
20.340970485242618,0.9999151694278973
20.354677338669333,0.9983352973346769
20.368384192096045,1.0010597241790207
20.38209104552276,1.0000809205916246
20.39579789894947,0.9989210530918426
20.409504752376186,0.9992608668665338
20.423211605802898,0.9990983745645476
20.436918459229613,0.9984659774522618
20.450625312656324,0.9994409786812252
20.46433216608304,0.9993293475274027
20.478039019509755,0.9996545193992115
20.491745872936466,1.0006755843082449
20.50545272636318,0.9996811146638587
20.519159579789893,1.0002908780214317
20.532866433216608,1.0004784123310115
20.54657328664332,0.9994138373811388
20.560280140070034,1.0002108769290026
20.573986993496746,0.9984533475837992
20.58769384692346,1.0004641188010723
20.601400700350172,0.9981678067300682
20.615107553776888,0.9976074131974239
20.6288144072036,0.9995574053375201
20.642521260630314,0.999433274179408
20.656228114057026,1.0014345626595313
20.66993496748374,0.9997947332940277
20.683641820910452,0.9979579885983132
20.697348674337167,0.9978387492410471
20.71105552776388,0.9997757540854466
20.724762381190594,1.0022281378976856
20.738469234617305,0.9996936496611674
20.75217608804402,1.0010170722658251
20.765882941470732,1.0019752480745248
20.779589794897447,0.998231214404286
20.79329664832416,0.9988663735648571
20.807003501750874,0.999626869849007
20.820710355177585,0.9994023880375101
20.8344172086043,1.0000695839705718
20.84812406203101,1.0012952121558751
20.861830915457727,0.9970283527094316
20.875537768884442,0.9984538500720599
20.889244622311153,0.9998521383459562
20.90295147573787,0.9984446186258922
20.91665832916458,0.9985077818332648
20.930365182591295,0.9994912974983259
20.944072036018007,1.0008438600181955
20.95777888944472,1.0001127578451703
20.971485742871433,1.001501470985525
20.98519259629815,1.0005230907976421
20.99889944972486,1.000585294315397
21.012606303151575,1.0007114039392084
21.026313156578286,1.0016726917264838
21.040020010005,0.9998850485627981
21.053726863431713,0.9993999100795606
21.067433716858428,0.999197870593084
21.08114057028514,0.9998333810810807
21.094847423711855,0.9990720034304794
21.108554277138566,1.0016578690745457
21.12226113056528,0.9998588454386019
21.135967983991993,1.0035276589953683
21.149674837418708,1.000093317766575
21.16338169084542,0.999148864997677
21.177088544272134,1.0007141792887284
21.190795397698846,0.9999940472912144
21.20450225112556,1.0010912792840831
21.218209104552272,0.9999537518314675
21.231915957978988,1.0025395419395275
21.2456228114057,0.9995836276377912
21.259329664832414,0.9991339753950791
21.27303651825913,0.9995042118506179
21.28674337168584,1.0020513279054295
21.300450225112556,0.9986333210277322
21.314157078539267,1.0015477678982194
21.327863931965982,1.0010538957675807
21.341570785392694,1.0008945063302919
21.35527763881941,1.0011553236995228
21.36898449224612,0.9994587424462017
21.382691345672836,0.9998875172127184
21.396398199099547,0.9974517283193318
21.410105052526262,1.0027473033726033
21.423811905952974,0.9988975033422755
21.43751875937969,0.7460895401949453
21.4512256128064,0.5191498184355076
21.464932466233115,0.5186998559518576
21.478639319659827,0.5172055871626715
21.492346173086542,0.5186695332055776
21.506053026513253,0.5161712603861736
21.51975987993997,0.5180582705772186
21.53346673336668,0.5169838610419283
21.547173586793395,0.5182922897327177
21.560880440220107,0.5503239521649416
21.57458729364682,0.8304844029583371
21.588294147073533,1.0004789008634838
21.60200100050025,0.9987912168348925
21.61570785392696,1.0004991752327073
21.629414707353675,0.9946120006618029
21.643121560780386,1.0015858175237635
21.6568284142071,0.9989111636059607
21.670535267633817,1.0006272284039421
21.684242121060528,1.0007763934393032
21.697948974487243,1.0006918216914003
21.711655827913955,1.000164179518671
21.72536268134067,1.0022670779916576
21.73906953476738,1.0001674260390108
21.752776388194096,1.0009695166835266
21.766483241620808,1.0014067726693734
21.780190095047523,0.9994962135154637
21.793896948474234,1.0014723621102357
21.80760380190095,1.0000494074093758
21.82131065532766,0.9993153791507213
21.835017508754376,1.0019525566817624
21.848724362181088,0.9970250179154703
21.862431215607803,0.9974585020172121
21.876138069034514,0.9983574943910974
21.88984492246123,0.9995613245364177
21.90355177588794,1.0002343164315424
21.917258629314656,0.9985724217260661
21.930965482741367,1.0011841639914867
21.944672336168082,1.000113952604658
21.958379189594794,0.9995311280505361
21.97208604302151,0.9976524190506266
21.98579289644822,1.0010508944909688
21.999499749874936,0.9988875662988947
22.013206603301647,0.999466190641034
22.026913456728362,1.0032620952627886
22.040620310155074,0.9999135810711255
22.05432716358179,0.9987589722351525
22.068034017008504,1.0002330871463467
22.081740870435215,1.0001198191145908
22.09544772386193,1.00085311092487
22.109154577288642,0.9996464642766828
22.122861430715357,0.9993391868737623
22.13656828414207,0.9984077232523524
22.150275137568784,1.001482286728254
22.163981990995495,0.999925295232951
22.17768884442221,0.9981204484255306
22.19139569784892,0.9985683165611284
22.205102551275637,0.9949155594479767
22.21880940470235,1.0010919408222556
22.232516258129063,1.0002490635363552
22.246223111555775,0.9970074652087536
22.25992996498249,1.0010782347537088
22.2736368184092,1.0027316360506913
22.287343671835917,0.9984920658135719
22.301050525262628,0.9978817528834066
22.314757378689343,1.000892356691456
22.328464232116055,1.0011210975855174
22.34217108554277,1.0005197253769245
22.35587793896948,1.0001844843456547
22.369584792396196,1.0004290752955283
22.383291645822908,1.000411708610994
22.396998499249623,1.0002612445258123
22.410705352676334,1.0010111379308502
22.42441220610305,0.9993667987394635
22.43811905952976,0.9967744259358068
22.451825912956476,1.0012394148001433
22.46553276638319,1.001814109023553
22.479239619809903,1.0015779612809559
22.492946473236618,0.9977503238143939
22.50665332666333,0.9990406033283643
22.520360180090044,1.000944617981056
22.534067033516756,1.0008555668691843
22.54777388694347,0.9995696510135677
22.561480740370182,0.9994736063816888
22.575187593796898,1.0017673070791755
22.58889444722361,0.9963345579978766
22.602601300650324,1.0000828342274217
22.616308154077036,0.9959591649361176
22.63001500750375,0.9998011085379035
22.643721860930462,1.0017402228322483
22.657428714357177,0.9986416983032125
22.67113556778389,1.0008139537298637
22.684842421210604,1.00147153584013
22.698549274637315,0.9991090883973703
22.71225612806403,0.9992079826805004
22.725962981490742,0.9995458361226175
22.739669834917457,0.9995987012580394
22.75337668834417,0.9996117651377464
22.767083541770884,1.001067224379915
22.780790395197595,0.9994780153931498
22.79449724862431,1.0008973557589165
22.808204102051022,1.000634127726183
22.821910955477737,0.9992235555979774
22.83561780890445,0.9978562793547131
22.849324662331163,0.9995698617225772
22.86303151575788,1.0008614738150774
22.87673836918459,1.0015376749305749
22.890445222611305,0.9995552334630353
22.904152076038017,1.0010682006107448
22.91785892946473,0.999973761817942
22.931565782891443,1.001623656541867
22.94527263631816,0.9999582916803897
22.95897948974487,1.0009901263476864
22.972686343171585,1.0012965398010407
22.986393196598296,1.0000593837402587
23.00010005002501,1.0000476308146116
23.013806903451723,0.9987133248861843
23.027513756878438,0.9974279406145872
23.04122061030515,0.9995054330099805
23.054927463731865,1.0000470364781229
23.068634317158576,1.0018598544971244
23.08234117058529,1.0037651169100368
23.096048024012003,1.0014560520576092
23.109754877438718,0.9992970575683007
23.12346173086543,1.0001128841436036
23.137168584292144,1.0011860782376374
23.150875437718856,0.9986051618682419
23.16458229114557,0.9999783185571617
23.178289144572283,1.0004272078389869
23.191995997998998,1.0016189658246808
23.20570285142571,1.0005027978582963
23.219409704852424,0.9986898504715082
23.233116558279136,1.0003905475605117
23.24682341170585,0.9983674599586366
23.260530265132566,0.9996755994801598
23.274237118559277,0.9978830542215615
23.287943971985992,1.0010392327479447
23.301650825412704,0.9983698925842315
23.31535767883942,0.9995619751873073
23.32906453226613,1.0023097311573486
23.342771385692846,0.9996484689267984
23.356478239119557,0.9989520812762452
23.370185092546272,0.9995424112053793
23.383891945972984,0.9987905905046112
23.3975987993997,0.9995859761375117
23.41130565282641,0.9999765352797305
23.425012506253125,1.0000243959942154
23.438719359679837,0.9993890166886699
23.452426213106552,0.9976847440035319
23.466133066533263,1.001049377526491
23.47983991995998,1.002695979186107
23.49354677338669,0.9997662705060746
23.507253626813405,1.0010372672610341
23.520960480240117,0.9979183348880627
23.53466733366683,0.9986128223491856
23.548374187093543,1.0016820957171095
23.56208104052026,0.9987946972201073
23.57578789394697,1.0008789022184816
23.589494747373685,1.002456343672882
23.603201600800396,0.9373396826793424
23.61690845422711,0.8161972977480685
23.630615307653823,0.8124831468340105
23.644322161080538,0.8130818138968757
23.65802901450725,0.8135295096340299
23.671735867933965,0.8144675699145778
23.68544272136068,0.8140236427805663
23.69914957478739,0.8165425721862539
23.712856428214106,0.8994155537490576
23.726563281640818,1.0013982333608051
23.740270135067533,1.0012616979265365
23.753976988494244,1.0002505925969842
23.76768384192096,0.99914659057418
23.78139069534767,1.000252875641486
23.795097548774386,0.9992593604450744
23.808804402201098,0.9960714995202196
23.822511255627813,1.0009437472574214
23.836218109054524,0.9999906022998339
23.84992496248124,0.9993759228290182
23.86363181590795,0.9994673338419197
23.877338669334666,1.0009947357599167
23.891045522761377,1.0007563130703219
23.904752376188092,0.999610705374274
23.918459229614804,1.0012405717864354
23.93216608304152,1.0009449775308623
23.94587293646823,1.0008346481798327
23.959579789894946,1.0020904438208325
23.973286643321657,0.9995920326076343
23.986993496748372,1.0004786500622054
24.000700350175084,1.0002745242012345
24.0144072036018,1.0017675220368056
24.02811405702851,1.001023308911103
24.041820910455225,0.9988098109744483
24.055527763881937,0.9990290354932531
24.069234617308652,1.0006403762672724
24.082941470735367,1.0012017897414622
24.09664832416208,1.0005504827163478
24.110355177588794,0.9990079943905941
24.124062031015505,1.0011705050845954
24.13776888444222,0.9994165357458354
24.15147573786893,0.9989678248122486
24.165182591295647,1.0001264941328218
24.17888944472236,1.0006552012945895
24.192596298149073,1.0003545965503517
24.206303151575785,1.0006491276483673
24.2200100050025,0.9994659323524787
24.23371685842921,0.9997376697287644
24.247423711855927,1.0006918711632402
24.261130565282638,1.0031682243745388
24.274837418709353,1.0030653313430544
24.288544272136065,0.9989333360397952
24.30225112556278,1.0007961955299214
24.31595797898949,1.000703504399485
24.329664832416206,1.0008935604238847
24.343371685842918,1.0010366048780612
24.357078539269633,0.9974653026870789
24.370785392696344,0.998320278632201
24.38449224612306,1.0024178351761295
24.39819909954977,0.9995349763134973
24.411905952976486,1.0011069458920354
24.425612806403198,0.9988729002669576
24.439319659829913,0.9999070174907612
24.453026513256624,0.9981711206923741
24.46673336668334,0.9995857690515769
24.480440220110054,0.9988196254218326
24.494147073536766,0.9996469159146507
24.50785392696348,1.000100354182484
24.521560780390192,1.0020525926693027
24.535267633816908,0.9999030309960892
24.54897448724362,0.9984277712365783
24.562681340670334,0.9998645209526917
24.576388194097046,0.9993955936329872
24.59009504752376,1.0008818533137378
24.603801900950472,0.9993602149900213
24.617508754377187,1.002848981498113
24.6312156078039,1.0011502293705554
24.644922461230614,1.0016395156809859
24.658629314657325,1.0021940301868963
24.67233616808404,0.9983653737069983
24.686043021510752,1.0001812996391661
24.699749874937467,1.0016335309201645
24.71345672836418,0.9981024388965947
24.727163581790894,0.9999201545838219
24.740870435217605,1.0004827816680983
24.75457728864432,1.000610285080708
24.768284142071032,0.9974515852639034
24.781990995497747,0.9986667029924996
24.79569784892446,1.00210433723245
24.809404702351173,0.9999981669437895
24.823111555777885,1.0015497594046958
24.8368184092046,0.9983187902509668
24.85052526263131,1.0003194278299774
24.864232116058027,1.0015798699854894
24.87793896948474,1.0015571604382434
24.891645822911453,1.0008479931998986
24.90535267633817,1.0010691523279958
24.91905952976488,1.0027648376916107
24.932766383191595,0.9994063701991669
24.946473236618306,1.0007260512034788
24.96018009004502,1.0014012532992003
24.973886943471733,0.9983604358771078
24.987593796898448,1.0000253772396372
25.00130065032516,0.9986869282758819
25.015007503751875,0.999743883488573
25.028714357178586,0.9987898176610657
25.0424212106053,1.0009089369038644
25.056128064032013,0.9992962715125605
25.069834917458728,0.9996174504761942
25.08354177088544,0.993222824718559
25.097248624312154,1.00081785821164
25.110955477738866,0.9991621017074683
25.12466233116558,1.0011705560648263
25.138369184592293,0.9988336690000528
25.152076038019008,1.0010048953471695
25.16578289144572,1.000664707949197
25.179489744872434,0.9977020948762091
25.193196598299146,0.9980645082093429
25.20690345172586,1.0000610377782875
25.220610305152572,1.0014705812670326
25.234317158579287,0.9991761955948576
25.248024012006,1.0008533930112546
25.261730865432714,0.9993166061334999
25.27543771885943,0.9991743797134519
25.28914457228614,0.9998929229917443
25.302851425712856,0.9988396484267477
25.316558279139567,0.9988847741483358
25.330265132566282,1.0004788184625197
25.343971985992994,1.0016875794172397
25.35767883941971,0.9984692293156825
25.37138569284642,0.9994272355802778
25.385092546273135,0.9987660547576384
25.398799399699847,1.0001998205395366
25.412506253126562,0.9985732209107478
25.426213106553273,1.0013269256757602
25.43991995997999,0.9998665436808079
25.4536268134067,1.000596266311689
25.467333666833415,1.0000551874351602
25.481040520260127,0.9985792496978996
25.49474737368684,0.9998539378827568
25.508454227113553,0.9997856601720725
25.52216108054027,0.9976903362241846
25.53586793396698,0.9975714299371348
25.549574787393695,0.9991203929507642
25.563281640820406,1.0008768443634601
25.57698849424712,0.9990097563527245
25.590695347673833,1.00019034386669
25.604402201100548,1.0011989278394426
25.61810905452726,0.9995421233594193
25.631815907953975,1.0004049693149164
25.645522761380686,1.0004304157714063
25.6592296148074,0.9997455645834127
25.672936468234116,0.998210284455352
25.686643321660828,0.9997246994500446
25.700350175087543,0.9974079822469701
25.714057028514254,0.9991037505568661
25.72776388194097,0.9987974950793289
25.74147073536768,0.9116398047478664
25.755177588794396,0.637681853525718
25.768884442221108,0.5191317363300346
25.782591295647823,0.5179361399267401
25.796298149074534,0.5199051052675366
25.81000500250125,0.519331163189381
25.82371185592796,0.5163200579971975
25.837418709354676,0.5169540518901945
25.851125562781387,0.5194794495182573
25.864832416208102,0.5187822493189544
25.878539269634814,0.6650174066621897
25.89224612306153,0.9430827527028329
25.90595297648824,1.0017105919826137
25.919659829914956,1.0005572818293007
25.933366683341667,0.9984043042758144
25.947073536768382,0.9994799798106921
25.960780390195094,1.000122448963128
25.97448724362181,0.9988595875433254
25.98819409704852,1.003065988974233
26.001900950475235,0.9985733825091536
26.015607803901947,0.9994718861008426
26.029314657328662,1.0006830883665694
26.043021510755374,0.9961748962499107
26.05672836418209,1.0006372381916322
26.070435217608804,1.0010803952590714
26.084142071035515,1.001615823915643
26.09784892446223,0.9991260022114443
26.11155577788894,1.0000158058333557
26.125262631315657,1.0017029621449922
26.13896948474237,0.9994896377403264
26.152676338169083,1.0005258885228934
26.166383191595795,1.0015985210222085
26.18009004502251,1.0006632450637383
26.19379689844922,0.999922166447266
26.207503751875937,0.9981188743887494
26.221210605302648,0.999393766012141
26.234917458729363,1.0012005814818958
26.248624312156075,0.9987003136411213
26.26233116558279,1.0006970451290207
26.2760380190095,0.9988811845813587
26.289744872436216,1.0003535877960852
26.303451725862928,1.000905794113228
26.317158579289643,1.0011457710359934
26.330865432716354,1.000090047143658
26.34457228614307,0.9984050963899748
26.35827913956978,1.0013035011319713
26.371985992996496,0.9983060599003074
26.385692846423208,1.0011920899200581
26.399399699849923,0.9981866303720698
26.413106553276634,1.0011378250996217
26.42681340670335,0.9976048485328005
26.44052026013006,1.001169882712732
26.454227113556776,0.9982802676317031
26.46793396698349,1.000123276200522
26.481640820410203,1.000968557670046
26.495347673836918,1.0003491425172983
26.50905452726363,0.9992079151210094
26.522761380690344,0.999168069342776
26.536468234117056,0.9982193871053414
26.55017508754377,0.9994920656938098
26.563881940970482,0.9988283525630708
26.577588794397197,0.9983058018654956
26.59129564782391,1.001144415506087
26.605002501250624,0.998533910112582
26.618709354677335,1.001446784144544
26.63241620810405,1.0011330828766174
26.646123061530762,0.9995592366288152
26.659829914957477,0.9995661417670851
26.67353676838419,1.001629560974049
26.687243621810904,0.9994792828096338
26.700950475237615,1.0003909492577465
26.71465732866433,1.000624910585314
26.728364182091042,1.0006846950799735
26.742071035517757,0.997540634500513
26.75577788894447,1.0012319470158797
26.769484742371183,0.9989480229152715
26.783191595797895,0.9996214002212815
26.79689844922461,0.999573755978685
26.81060530265132,0.9962395219580482
26.824312156078037,1.0001573245589999
26.838019009504748,0.999673355609873
26.851725862931463,0.9991513205413245
26.865432716358175,0.9994247493900881
26.87913956978489,1.0003724411685264
26.892846423211605,1.0003769917903687
26.906553276638316,1.001852960452094
26.92026013006503,0.9987559029999302
26.933966983491743,1.0022017466806479
26.947673836918458,0.9990808895940875
26.96138069034517,1.0013525627381203
26.975087543771885,1.0001336880370029
26.988794397198596,0.9999926431604608
27.00250125062531,1.000245554490024
27.016208104052023,1.000754295127392
27.029914957478738,1.0024474568605986
27.04362181090545,0.9990464331282247
27.057328664332164,0.9987972083677584
27.071035517758876,0.9991230933857912
27.08474237118559,0.9978157480863932
27.098449224612303,1.0001874840402125
27.112156078039018,0.9984056702085456
27.12586293146573,1.0003649942563864
27.139569784892444,1.001402088609603
27.153276638319156,1.0016265558951745
27.16698349174587,1.0013102104706386
27.180690345172582,0.9967715253178867
27.194397198599297,1.0000069274781012
27.20810405202601,1.0002907228635622
27.221810905452724,0.9984108279047971
27.235517758879435,0.9989861935377979
27.24922461230615,1.0008612715676986
27.262931465732862,1.0015752969283878
27.276638319159577,1.0010427711059178
27.290345172586292,1.0003915780020396
27.304052026013004,1.000561711524356
27.31775887943972,0.9978860903039966
27.33146573286643,0.999376336975625
27.345172586293145,0.9985441145773075
27.358879439719857,1.0020904841335172
27.372586293146572,1.0013270056834043
27.386293146573284,0.9975905668089079
27.4,1.000512546022992
