time,flux
0.0,1.0013265564218523
0.013706853426713355,0.9996898050159526
0.02741370685342671,1.0006603248331456
0.041120560280140064,0.9995404406263312
0.05482741370685342,0.9989630017257028
0.06853426713356678,0.996941730726584
0.08224112056028013,0.9956620346509807
0.09594797398699349,0.9957471027923321
0.10965482741370684,1.0000999199673732
0.1233616808404202,0.9980720967818137
0.13706853426713356,0.9989069711949647
0.1507753876938469,0.9983212029130724
0.16448224112056026,0.9992280390630649
0.1781890945472736,1.002964533668775
0.19189594797398699,1.0006954854115089
0.20560280140070034,0.9956006937023647
0.21930965482741369,1.0003194242502944
0.23301650825412704,0.9990890506931316
0.2467233616808404,0.9982766519927587
0.26043021510755376,0.9998467008135342
0.2741370685342671,0.9971567420168003
0.28784392196098046,0.9953759034957975
0.3015507753876938,0.9987963942185561
0.31525762881440716,1.0024352465587971
0.3289644822411205,0.9999710756703599
0.34267133566783387,1.0020703981101082
0.3563781890945472,0.9986518628995528
0.3700850425212606,0.9986662520527441
0.38379189594797397,0.9978947244322951
0.3974987493746873,1.0000263935326301
0.41120560280140067,1.0011370541021927
0.424912456228114,0.9960306504311783
0.43861930965482737,0.9985467804696052
0.4523261630815407,0.999740012642843
0.46603301650825407,0.9852545984675833
0.4797398699349674,0.924383000132038
0.4934467233616808,0.9287448684250895
0.5071535767883941,0.9259381662973102
0.5208604302151075,0.9259463457042935
0.5345672836418208,0.9564497417417812
0.5482741370685342,1.0004088545468033
0.5619809904952475,0.9978593606825436
0.5756878439219609,1.0033566363777557
0.5893946973486743,0.9996493721701032
0.6031015507753876,0.9976754120555159
0.616808404202101,0.9992577970447433
0.6305152576288143,0.9964861929640186
0.6442221110555277,0.9972239216973048
0.657928964482241,1.0014922789213685
0.6716358179089544,0.9999252501909197
0.6853426713356677,0.9968112361220091
0.6990495247623811,0.9960233754000902
0.7127563781890944,1.0012539009805699
0.7264632316158078,0.9990208979674297
0.7401700850425212,0.9999055502093664
0.7538769384692345,1.0004331425957187
0.7675837918959479,1.003237805199828
0.7812906453226612,0.9972686764057713
0.7949974987493746,0.9988422690760556
0.8087043521760879,0.9973037853704518
0.8224112056028013,1.002827642370183
0.8361180590295146,1.0007282013930743
0.849824912456228,1.0024500509456766
0.8635317658829413,1.00153711346045
0.8772386193096547,0.998369722611595
0.8909454727363681,0.9985480160139829
0.9046523261630814,0.9975224183085797
0.9183591795897948,0.997914384317117
0.9320660330165081,0.999021473247955
0.9457728864432215,0.9984810181103104
0.9594797398699348,0.9993941805731826
0.9731865932966483,1.000099015146963
0.9868934467233615,1.0002506581800565
1.000600300150075,0.9971323309937958
1.0143071535767882,0.9992655796518585
1.0280140070035018,1.0010951125790375
1.041720860430215,1.0010233544368776
1.0554277138569284,1.0017188933750842
1.0691345672836416,0.9951432816842428
1.0828414207103552,1.000140284620639
1.0965482741370685,0.9990364909254768
1.1102551275637818,1.000318718624966
1.123961980990495,0.9974397922821735
1.1376688344172086,0.9985097035767168
1.1513756878439219,1.001354406552961
1.1650825412706352,0.9998009762366653
1.1787893946973487,1.0008473016335042
1.192496248124062,1.0023077656526944
1.2062031015507753,0.9967123523744968
1.2199099549774886,1.0003124785775366
1.233616808404202,0.9959601366740678
1.2473236618309154,1.000967474788077
1.2610305152576287,1.0036454476803083
1.274737368684342,1.0007890624905382
1.2884442221110555,0.9998417375459676
1.3021510755377688,1.002039721841339
1.315857928964482,0.9989916654862406
1.3295647823911956,1.00031590099369
1.3432716358179089,1.0002561990648642
1.3569784892446222,1.0000482044955379
1.3706853426713355,1.0018042017381021
1.384392196098049,1.0004183828047144
1.3980990495247623,1.0013529301538977
1.4118059029514756,1.0033272713349604
1.4255127563781889,0.9983552984004267
1.4392196098049024,1.0004706271497734
1.4529264632316157,1.0014607153747332
1.466633316658329,0.9961902695426852
1.4803401700850425,0.9986555717227648
1.4940470235117558,0.9960274350447564
1.507753876938469,0.9972476847471682
1.5214607303651824,1.0005362655221135
1.5351675837918959,0.9981727740074383
1.5488744372186092,1.0009995580740774
1.5625812906453225,0.9989196137159442
1.5762881440720358,0.9937356878008637
1.5899949974987493,0.9998712521512775
1.6037018509254626,0.9987090497381392
1.6174087043521759,0.9984017372822757
1.6311155577788894,0.9990137929199596
1.6448224112056027,0.9997067058714245
1.658529264632316,0.9987098043343675
1.6722361180590293,0.9996496142432758
1.6859429714857428,0.9993959531052329
1.699649824912456,1.0029580610378144
1.7133566783391694,1.0014325359445964
1.7270635317658827,1.0014441289868834
1.7407703851925962,1.0011232797141643
1.7544772386193095,0.9981963185414756
1.7681840920460228,0.9968045229174736
1.7818909454727363,1.0014663183125467
1.7955977988994496,0.99830875688269
1.8093046523261629,1.0021055874769764
1.8230115057528762,0.9986902372711522
1.8367183591795897,0.9992312449967539
1.850425212606303,0.9978311327050996
1.8641320660330163,0.996534556066128
1.8778389194597296,0.9966597142426342
1.891545772886443,0.9978458573266178
1.9052526263131564,0.9998290130578956
1.9189594797398697,0.9974564489132397
1.9326663331665832,1.0003546139437136
1.9463731865932965,0.9990746205288834
1.9600800400200098,0.9968444031960504
1.973786893446723,0.9998251116136342
1.9874937468734366,0.9990861726925224
2.00120060030015,1.0004585212318962
2.014907453726863,0.9997703376382039
2.0286143071535765,1.0007620043453118
2.04232116058029,0.9997102878283096
2.0560280140070035,0.9981404419805966
2.069734867433717,1.0020718861446682
2.08344172086043,0.9975860416063678
2.0971485742871434,0.9987894527564297
2.1108554277138567,0.9992360349018902
2.12456228114057,0.9994517884697218
2.1382691345672833,0.9969710207157633
2.1519759879939966,0.9977735054311296
2.1656828414207103,0.9985179364945826
2.1793896948474236,0.9990212203500469
2.193096548274137,0.9754145564826893
2.20680340170085,0.8319271402128057
2.2205102551275635,0.8325487400762
2.234217108554277,0.8311931281411767
2.24792396198099,0.830384666585889
2.261630815407704,0.8320093597868141
2.275337668834417,0.8624739206549326
2.2890445222611304,1.0003207482848246
2.3027513756878437,0.9978157212190032
2.316458229114557,1.0000147453836743
2.3301650825412703,0.9991606028006446
2.3438719359679836,1.0013199098543395
2.3575787893946973,1.0008715600375533
2.3712856428214106,0.9999557241622585
2.384992496248124,1.0021552547114607
2.3986993496748372,0.9989900720722285
2.4124062031015505,0.999849698679135
2.426113056528264,0.9981704600703472
2.439819909954977,1.0024125394595136
2.4535267633816904,0.9999843376381066
2.467233616808404,0.9987330582158155
2.4809404702351174,0.9985942011438698
2.4946473236618307,1.0024840439337415
2.508354177088544,0.9995331308008573
2.5220610305152573,1.0013788632213279
2.5357678839419706,1.0010410112807426
2.549474737368684,1.0004295941175494
2.5631815907953976,1.0009398509891168
2.576888444222111,0.9978430337999207
2.5905952976488242,1.002129315606951
2.6043021510755375,1.0024358460269907
2.618009004502251,0.9988532796751857
2.631715857928964,0.9973034879722152
2.6454227113556774,0.9989266134252998
2.659129564782391,1.0001566354491203
2.6728364182091044,1.000459543254121
2.6865432716358177,1.0006943536842827
2.700250125062531,0.9996830175845332
2.7139569784892443,1.000784602691087
2.7276638319159576,0.9998233633801334
2.741370685342671,0.9996733990690407
2.755077538769384,1.0003030178140278
2.768784392196098,0.9989737229745993
2.7824912456228112,0.9984541623942101
2.7961980990495245,0.9979575733010774
2.809904952476238,1.001451883440542
2.823611805902951,0.9972321051290663
2.8373186593296644,0.9963351315986866
2.8510255127563777,0.9977440820594178
2.8647323661830915,1.0001752249054878
2.8784392196098048,0.9974908299429257
2.892146073036518,1.0021333519485707
2.9058529264632313,0.9999514164564941
2.9195597798899446,1.0005753173052352
2.933266633316658,1.0003550964231454
2.9469734867433712,1.0044652588318412
2.960680340170085,0.9995120717043083
2.9743871935967983,1.0012889634413642
2.9880940470235116,1.001587676680044
3.001800900450225,1.0003652311121733
3.015507753876938,0.9997136956781619
3.0292146073036514,1.0002140583858918
3.0429214607303647,1.001244489091559
3.056628314157078,0.9958891324812086
3.0703351675837918,0.9966942632191421
3.084042021010505,0.9993566321776992
3.0977488744372184,1.000014807606467
3.1114557278639317,0.9966875354997565
3.125162581290645,0.996816656195908
3.1388694347173582,0.9978469400250356
3.1525762881440715,0.9984795120048403
3.1662831415707853,0.9974382630424972
3.1799899949974986,0.9993677618311748
3.193696848424212,1.00097227775291
3.207403701850925,1.001283303691101
3.2211105552776385,0.9997442251063714
3.2348174087043517,1.0021128884986326
3.248524262131065,0.9973020942742403
3.262231115557779,1.0008128707041553
3.275937968984492,1.0010133429125752
3.2896448224112054,1.0011897444727065
3.3033516758379187,1.0021675238932835
3.317058529264632,0.9994626009582368
3.3307653826913453,0.9970082167630585
3.3444722361180586,1.0036380399267806
3.358179089544772,0.9999532659466807
3.3718859429714856,1.0017463534312594
3.385592796398199,0.999576645620989
3.399299649824912,0.9995579942787435
3.4130065032516255,1.0010779379234875
3.4267133566783388,0.9981104515293032
3.440420210105052,0.9976868532114824
3.4541270635317654,1.0011758581778274
3.467833916958479,1.0011138247082465
3.4815407703851924,0.9992641441774964
3.4952476238119057,1.0031623983618938
3.508954477238619,0.9996925532301351
3.5226613306653323,0.9977523115211462
3.5363681840920456,1.0000386960723926
3.550075037518759,1.0003868556007542
3.5637818909454726,1.0004273703915365
3.577488744372186,0.9989207585218297
3.591195597798899,0.999005645663363
3.6049024512256125,0.995541227323559
3.6186093046523258,1.001130678894471
3.632316158079039,1.0002410508841202
3.6460230115057524,0.9990617455625443
3.659729864932466,0.998865778908036
3.6734367183591794,1.0015431260603238
3.6871435717858927,0.9989798657112621
3.700850425212606,1.0000384988478324
3.7145572786393193,1.0009930348109297
3.7282641320660326,1.001648106172349
3.741970985492746,0.9999308704647515
3.755677838919459,1.0015642371047662
3.769384692346173,0.9997770997944517
3.783091545772886,0.9994020164572348
3.7967983991995995,0.9978598431759705
3.810505252626313,1.0020873824528524
3.824212106053026,1.0014140902614368
3.8379189594797394,0.9986954529633256
3.8516258129064527,0.9963247734923896
3.8653326663331664,0.999126890121782
3.8790395197598797,1.0010276840118273
3.892746373186593,1.0002658987358461
3.9064532266133063,1.0009189615323928
3.9201600800400196,1.00253640175521
3.933866933466733,1.0009632237836286
3.947573786893446,0.9313829399698629
3.96128064032016,0.9267286986293529
3.974987493746873,0.9249799732099744
3.9886943471735865,0.9246665377497746
4.0024012006003,0.9252811642544739
4.016108054027013,1.0003037185749721
4.029814907453726,0.9984889753416586
4.04352176088044,0.9992513854207203
4.057228614307153,0.9998558865304906
4.070935467733866,1.0009988048685008
4.08464232116058,1.0015943066845396
4.098349174587293,1.0024639414955085
4.112056028014007,0.9987939466538245
4.12576288144072,1.001254251916379
4.139469734867434,1.0061531189368673
4.153176588294147,0.9965407478789465
4.16688344172086,1.0000884792060714
4.1805902951475735,1.0009619934499385
4.194297148574287,1.001139598282664
4.208004002001,1.004146518879559
4.221710855427713,1.0035235596522138
4.235417708854427,1.0002529790452952
4.24912456228114,1.0019633347365162
4.262831415707853,1.001867543239591
4.276538269134567,0.9945368308922358
4.29024512256128,1.0042358496659205
4.303951975987993,0.9997005617662987
4.317658829414707,0.9999608587596909
4.331365682841421,0.9970357204436084
4.345072536268134,0.9991416613688529
4.358779389694847,0.998066913303472
4.3724862431215605,1.0016852440975035
4.386193096548274,1.0015991516065974
4.399899949974987,1.0020334006831022
4.4136068034017,0.9964433245246374
4.427313656828414,1.0007387866298691
4.441020510255127,0.9998144898103887
4.45472736368184,0.9986932449308032
4.468434217108554,1.0017459032210534
4.482141070535267,1.0022886947725407
4.49584792396198,1.0010547729109274
4.5095547773886935,1.0001355493797297
4.523261630815408,0.9980395858780008
4.536968484242121,1.001102430809227
4.550675337668834,1.002640502205241
4.5643821910955475,0.9995340678941381
4.578089044522261,1.0008197337699338
4.591795897948974,0.9999546920282582
4.605502751375687,1.0014725917222165
4.619209604802401,1.0011149920577216
4.632916458229114,1.0007584475008755
4.646623311655827,0.9974153670537409
4.660330165082541,0.9989859450167596
4.674037018509254,1.00171774765475
4.687743871935967,1.0036012424619478
4.7014507253626805,1.0001292532696102
4.715157578789395,0.9975577222398985
4.728864432216108,0.9950648299288704
4.742571285642821,1.0007367798003952
4.756278139069535,0.9975096773994367
4.769984992496248,0.9978272540668768
4.783691845922961,1.0036520080686566
4.7973986993496744,1.0003347336080373
4.811105552776388,0.999715070644104
4.824812406203101,1.0016928873087059
4.838519259629814,0.9967968376140336
4.852226113056528,0.998195273058325
4.865932966483241,0.9974129707066165
4.879639819909954,0.9984525919484374
4.8933466733366675,1.002803691360258
4.907053526763381,1.000395129045893
4.920760380190095,1.002349850976053
4.934467233616808,1.0007444161269763
4.948174087043522,0.9975318900970387
4.961880940470235,1.0037657098313748
4.975587793896948,0.9998494391284806
4.9892946473236615,1.0016051522689549
5.003001500750375,1.0015483377474752
5.016708354177088,0.9987933115919493
5.030415207603801,1.0009640898235466
5.044122061030515,0.9999886289088603
5.057828914457228,1.0003945775971061
5.071535767883941,1.0029484595477496
5.0852426213106545,0.9986071564468008
5.098949474737368,1.000074449223737
5.112656328164081,0.996929495741463
5.126363181590795,0.9968190360891338
5.140070035017509,0.9960541011215724
5.153776888444222,1.000819399304028
5.167483741870935,0.9961476379783128
5.1811905952976485,1.000481777213125
5.194897448724362,0.9999941560841091
5.208604302151075,0.9967889389741431
5.222311155577788,1.0016483181323108
5.236018009004502,1.0035512305832215
5.249724862431215,1.0004765064493781
5.263431715857928,0.9991205531132835
5.2771385692846415,1.003053428732601
5.290845422711355,0.9991537738940561
5.304552276138068,1.0023675833211996
5.318259129564782,0.9984800237604718
5.331965982991496,0.9987792572162166
5.345672836418209,1.0017535722048274
5.359379689844922,0.9976024183989542
5.3730865432716355,0.9998294356460773
5.386793396698349,1.0035461898426126
5.400500250125062,1.0005374582308308
5.414207103551775,1.0041031097257573
5.427913956978489,1.001443344901028
5.441620810405202,1.0012493416009882
5.455327663831915,0.9978369901248396
5.4690345172586285,0.9982312082632525
5.482741370685342,0.9998915059226171
5.496448224112055,1.002140164693472
5.510155077538768,1.0013682960106567
5.523861930965483,0.9979409191541131
5.537568784392196,0.9996729177662832
5.551275637818909,0.9995925881717244
5.5649824912456225,1.0009092621611075
5.578689344672336,0.9985846755596399
5.592396198099049,0.9966801134324005
5.606103051525762,1.0022435773155796
5.619809904952476,0.9996998824855896
5.633516758379189,1.0022885847805851
5.647223611805902,0.9994857140681652
5.660930465232616,0.999791207379745
5.674637318659329,0.8684570465165311
5.688344172086042,0.8307616115194
5.7020510255127554,0.830956361843092
5.71575787893947,0.83016037847542
5.729464732366183,0.8342776494824395
5.743171585792896,0.8324597713350451
5.7568784392196095,0.9710770906438146
5.770585292646323,0.9993837333868246
5.784292146073036,0.9995684547529643
5.797998999499749,0.9974332342553599
5.811705852926463,1.0004641857177492
5.825412706353176,0.9985759691101918
5.839119559779889,1.001102419144846
5.852826413206603,1.0013078804574373
5.866533266633316,1.0031406690652804
5.880240120060029,0.9991857748579273
5.8939469734867425,0.9994185863326075
5.907653826913456,1.002186205881531
5.92136068034017,1.0014385749090735
5.935067533766883,1.0022659588063283
5.9487743871935965,1.0022136044563477
5.96248124062031,1.0021020381690284
5.976188094047023,0.9961944857103028
5.989894947473736,0.9976295893127911
6.00360180090045,0.9998311635122323
6.017308654327163,0.9958539241006654
6.031015507753876,0.9993523239091383
6.04472236118059,1.0021418064501795
6.058429214607303,0.9978069131204107
6.072136068034016,0.9998695090956118
6.0858429214607295,0.9987729388473694
6.099549774887443,1.0010835175870234
6.113256628314156,1.002615944879752
6.12696348174087,1.0012136041138262
6.1406703351675835,0.9983409868407698
6.154377188594297,1.001203412953817
6.16808404202101,1.0011811841730143
6.181790895447723,1.001838538483836
6.195497748874437,1.0037566214250737
6.20920460230115,0.9997024124470114
6.222911455727863,1.000206087184194
6.236618309154577,0.9966413787953418
6.25032516258129,0.9979104130267813
6.264032016008003,0.9990417912287939
6.2777388694347165,0.9967796201874047
6.29144572286143,1.000431908555832
6.305152576288143,1.00094580571292
6.318859429714857,0.9988082401840686
6.3325662831415706,1.0025468763856094
6.346273136568284,0.9984565127318497
6.359979989994997,1.003025381684889
6.37368684342171,1.0011475133010097
6.387393696848424,0.9990314902836367
6.401100550275137,0.9984494411670285
6.41480740370185,1.001629027823183
6.428514257128564,0.9994932776027554
6.442221110555277,1.000485576962904
6.45592796398199,0.9997971290500207
6.4696348174087035,1.0000731521373318
6.483341670835417,1.0010764789270072
6.49704852426213,1.0035702154751318
6.510755377688843,0.9986137129073609
6.524462231115558,1.0003958440905985
6.538169084542271,1.00095251689575
6.551875937968984,0.9998186085966699
6.5655827913956974,1.0011344447625101
6.579289644822411,1.000671324472568
6.592996498249124,1.000379419949847
6.606703351675837,1.0001376291917572
6.620410205102551,0.9993959932085261
6.634117058529264,0.9994856467056574
6.647823911955977,0.999380712631535
6.6615307653826905,0.9984655108885601
6.675237618809404,0.9984972932454672
6.688944472236117,0.9996010714044996
6.70265132566283,1.0007034927004637
6.716358179089544,0.9984088405898194
6.730065032516258,1.0042457495755035
6.743771885942971,0.9984009853063236
6.7574787393696845,0.9973220110726351
6.771185592796398,1.0009569965075662
6.784892446223111,0.9978180536226834
6.798599299649824,1.0023691989370744
6.812306153076538,1.0018265881601924
6.826013006503251,1.0005276635916662
6.839719859929964,1.0029652560793862
6.8534267133566775,1.0009603289433924
6.867133566783391,0.9994679012023485
6.880840420210104,0.9972251036917895
6.894547273636817,0.9964197979929461
6.908254127063531,0.9983963228455465
6.921960980490245,0.9983887041301212
6.935667833916958,1.0008660228923538
6.9493746873436715,0.9981365367186719
6.963081540770385,1.0014193425956135
6.976788394197098,0.999589229716102
6.990495247623811,0.99824138262982
7.004202101050525,0.9991894496913007
7.017908954477238,0.9994719849563235
7.031615807903951,0.9999358338488343
7.0453226613306645,1.0006326527356715
7.059029514757378,0.9961064920683947
7.072736368184091,1.0006681416678647
7.086443221610804,1.001968214487571
7.100150075037518,1.0043102682493803
7.113856928464231,0.9992569923716554
7.127563781890945,1.0005827457255045
7.1412706353176585,0.9990351961155804
7.154977488744372,0.996666595162483
7.168684342171085,1.0007149915745466
7.182391195597798,0.9988455975904332
7.196098049024512,0.9989021401935672
7.209804902451225,0.9986141630308975
7.223511755877938,1.0015275673347313
7.2372186093046516,1.001673349985641
7.250925462731365,0.9975366178593656
7.264632316158078,1.0032472696713097
7.278339169584791,1.0013887518748061
7.292046023011505,1.0022408817061088
7.305752876438218,0.9982554948956031
7.319459729864932,1.0010223363030313
7.3331665832916455,1.0018107500704734
7.346873436718359,0.998962171786497
7.360580290145072,0.9992341567402584
7.374287143571785,1.0001299061423063
7.387993996998499,0.9997848840512514
7.401700850425212,1.0007511175050143
7.415407703851925,0.9579320648594473
7.429114557278639,0.924362644202333
7.442821410705352,0.9268496404085138
7.456528264132065,0.9261392634494685
7.4702351175587784,0.9224202191984912
7.483941970985492,0.9897749323293171
7.497648824412205,0.9754497563102257
7.511355677838918,1.0024267576987267
7.5250625312656325,0.9986598353159319
7.538769384692346,1.0000287334135665
7.552476238119059,1.0003852233127344
7.566183091545772,0.9988395705425096
7.579889944972486,0.9972127831146834
7.593596798399199,1.0002340032067947
7.607303651825912,1.0036304910338687
7.621010505252626,0.9967280921078732
7.634717358679339,0.9982527811464731
7.648424212106052,0.998262541083677
7.6621310655327655,1.0019931161249944
7.675837918959479,0.9971884173856093
7.689544772386192,0.996820392540226
7.703251625812905,1.0042996376527258
7.716958479239619,0.998382976953063
7.730665332666333,0.9989749395211314
7.744372186093046,0.997559137023904
7.758079039519759,1.0007723278554772
7.771785892946473,1.0016629710090927
7.785492746373186,1.0026695045711325
7.799199599799899,0.998922422652611
7.812906453226613,0.9982293880311326
7.826613306653326,0.9989692706570059
7.840320160080039,0.9996628547040716
7.8540270135067525,1.0006981153682124
7.867733866933466,0.9978193243586704
7.881440720360179,0.9978977002432504
7.895147573786892,1.001847799537022
7.908854427213606,0.9980014844286632
7.92256128064032,1.0038096074355543
7.936268134067033,0.9992618950202342
7.949974987493746,1.0025380950087162
7.96368184092046,1.0017188946944262
7.977388694347173,0.9998659786379063
7.991095547773886,0.9996724064643174
8.0048024012006,0.9976467266777289
8.018509254627313,1.000403104848056
8.032216108054026,1.003056594944914
8.04592296148074,0.9995270927044354
8.059629814907453,1.0009715866569824
8.073336668334166,0.9985025659859605
8.08704352176088,0.9979418841388743
8.100750375187593,0.9972725196691292
8.114457228614306,0.9951856684308249
8.12816408204102,0.9995131551958801
8.141870935467733,1.0006162888631838
8.155577788894446,0.9989261434996487
8.16928464232116,1.0031446545534755
8.182991495747872,1.0005043543186771
8.196698349174586,0.9980576038428457
8.210405202601299,1.0014794276918664
8.224112056028014,1.0001336665479936
8.237818909454727,0.9965711830344044
8.25152576288144,1.000524960029862
8.265232616308154,1.000080146595149
8.278939469734867,1.0023799640034097
8.29264632316158,0.9988272566046753
8.306353176588294,0.999117527105426
8.320060030015007,1.0007732643038416
8.33376688344172,1.0002485667463457
8.347473736868434,0.9980359036514115
8.361180590295147,1.0021794045495422
8.37488744372186,1.0013612906618063
8.388594297148574,0.9993080477555377
8.402301150575287,0.9957236623033733
8.416008004002,0.9973269332259421
8.429714857428714,0.9984809348965884
8.443421710855427,1.0041767807352118
8.45712856428214,1.0014419551784888
8.470835417708853,1.002233955166348
8.484542271135567,0.9974062482907725
8.49824912456228,1.003498413864732
8.511955977988993,1.0022561242354917
8.525662831415707,0.9985004855476372
8.53936968484242,1.0024443782228152
8.553076538269133,1.003207095777532
8.566783391695846,1.0003301017862327
8.58049024512256,1.0003985273856404
8.594197098549273,0.9990930935501674
8.607903951975986,0.9963003148589725
8.6216108054027,0.9974274573652057
8.635317658829415,1.0006307519781856
8.649024512256128,1.0028594550929009
8.662731365682841,0.9988563840616577
8.676438219109555,0.9996795892587705
8.690145072536268,1.0008616874729404
8.703851925962981,0.9978958087155737
8.717558779389694,0.9988356120169966
8.731265632816408,1.0000012965144618
8.744972486243121,0.9982361724977024
8.758679339669834,1.0004948184945126
8.772386193096548,1.001486383100294
8.786093046523261,0.998762717056754
8.799799899949974,1.002399337333942
8.813506753376688,0.9993022751763664
8.8272136068034,1.001338407691441
8.840920460230114,1.0038139057233813
8.854627313656827,1.0036788868177673
8.86833416708354,1.000746182797999
8.882041020510254,0.998782406765892
8.895747873936967,0.9992314872585691
8.90945472736368,1.002018034255482
8.923161580790394,1.001815407270755
8.936868434217107,0.9999863264449599
8.95057528764382,0.997680798298516
8.964282141070534,1.0015380056430703
8.977988994497247,0.9986368479969397
8.99169584792396,0.9990347324499129
9.005402701350674,1.0038515683023022
9.019109554777387,1.00004964328897
9.032816408204102,0.9950344212310203
9.046523261630815,1.0017894764288775
9.060230115057529,1.0044164475564457
9.073936968484242,1.001349963477684
9.087643821910955,0.9998794074403591
9.101350675337669,1.0016390128414088
9.115057528764382,0.9993138698100463
9.128764382191095,1.002450805329613
9.142471235617808,0.9270065599881997
9.156178089044522,0.83296239440325
9.169884942471235,0.8303345386516077
9.183591795897948,0.8313098625283323
9.197298649324662,0.8295083098954957
9.211005502751375,0.832124439425687
9.224712356178088,0.9129787498991628
9.238419209604801,0.9960583075012892
9.252126063031515,1.0007321495453647
9.265832916458228,1.00011598328444
9.279539769884941,1.0003542194469868
9.293246623311655,1.0015625308565004
9.306953476738368,1.0070912269673427
9.320660330165081,0.9985067581232601
9.334367183591795,0.998954803162221
9.348074037018508,1.001035394606036
9.361780890445221,1.0004105521872515
9.375487743871934,1.0022362519759298
9.389194597298648,0.9973549579907725
9.402901450725361,1.000475655695939
9.416608304152074,0.9978746712472102
9.43031515757879,1.0008010787135657
9.444022011005503,1.0014446960263477
9.457728864432216,0.9997358535873934
9.47143571785893,0.9997589236660103
9.485142571285643,0.9990704257394037
9.498849424712356,0.995087247091168
9.51255627813907,0.9989727897341979
9.526263131565782,0.9989963403919282
9.539969984992496,1.0004285145438685
9.553676838419209,1.004662988836223
9.567383691845922,0.9967888921633843
9.581090545272636,1.0004403229411045
9.594797398699349,1.0006970195187568
9.608504252126062,0.9995320813058965
9.622211105552775,1.0016987249213356
9.635917958979489,0.9974283266909055
9.649624812406202,0.9992539567506676
9.663331665832915,0.9989092064937412
9.677038519259629,0.9957299422864461
9.690745372686342,0.9999852839245351
9.704452226113055,1.0007025394921747
9.718159079539769,0.9991501682017112
9.731865932966482,1.0010126522297538
9.745572786393195,1.000553375287575
9.759279639819908,1.002502988672599
9.772986493246622,1.0015233760921973
9.786693346673335,1.003212835362564
9.800400200100048,0.9995753552519379
9.814107053526762,1.0018257608650445
9.827813906953477,1.0006161248801677
9.84152076038019,0.9982211730299955
9.855227613806903,1.0009438966658257
9.868934467233617,1.0040818287383126
9.88264132066033,0.9986166455912506
9.896348174087043,0.9976258165457478
9.910055027513756,1.0011362909554273
9.92376188094047,1.0036911350108644
9.937468734367183,0.9998212417991824
9.951175587793896,1.0003513815466103
9.96488244122061,1.002693352031981
9.978589294647323,1.0015808432616287
9.992296148074036,0.9996716304670389
10.00600300150075,0.9980556120621267
10.019709854927463,1.0005373033752147
10.033416708354176,0.9969520343451633
10.04712356178089,0.9959322064129136
10.060830415207603,1.0033232357856838
10.074537268634316,1.000910790007628
10.08824412206103,1.0008454333051142
10.101950975487743,1.0041345271052073
10.115657828914456,1.0008353172731381
10.12936468234117,0.9986607180326796
10.143071535767882,0.9966810273602378
10.156778389194596,0.9987443229206514
10.170485242621309,1.0033828729221486
10.184192096048022,0.9993618620878993
10.197898949474736,1.0009707761299969
10.211605802901449,0.9997296505015792
10.225312656328162,1.0037948759725357
10.239019509754877,0.9993212457278543
10.25272636318159,1.0017350002716086
10.266433216608304,0.9999132161665376
10.280140070035017,1.0015565064130376
10.29384692346173,0.9994261161196737
10.307553776888444,0.9998062243305859
10.321260630315157,0.9998556493582682
10.33496748374187,1.002798109228209
10.348674337168584,0.9970436768052945
10.362381190595297,0.9961124125697683
10.37608804402201,0.999551775210136
10.389794897448724,0.996593380077717
10.403501750875437,0.9998400670027859
10.41720860430215,1.0036158699303597
10.430915457728863,1.0014570078075433
10.444622311155577,0.9998339996239834
10.45832916458229,0.9989432149595188
10.472036018009003,1.0009796026129962
10.485742871435717,0.999761052841128
10.49944972486243,1.0008788410505993
10.513156578289143,1.0008982422710149
10.526863431715856,1.0005631412116174
10.54057028514257,0.998888566863918
10.554277138569283,1.0002281698615558
10.567983991995996,0.9977244839016047
10.58169084542271,0.99987206077575
10.595397698849423,1.0001048778399284
10.609104552276136,0.9975195961518539
10.62281140570285,1.0019302035290503
10.636518259129565,1.001838131130589
10.650225112556278,0.9978552480002801
10.663931965982991,0.9992000024240347
10.677638819409704,0.9986244321772463
10.691345672836418,0.9985634215522199
10.705052526263131,0.9985227491987329
10.718759379689844,1.0013873221218692
10.732466233116558,0.9982465469795936
10.746173086543271,1.0001234004839763
10.759879939969984,0.9960291979379767
10.773586793396698,0.9967221061797387
10.78729364682341,1.0004752485245805
10.801000500250124,0.9988049470901149
10.814707353676837,1.00259519701867
10.82841420710355,1.000743921448605
10.842121060530264,0.9995032252244845
10.855827913956977,0.9961154095265726
10.86953476738369,0.9990400439719556
10.883241620810404,1.0131442243554825
10.896948474237117,0.927145555299515
10.91065532766383,0.926919669238478
10.924362181090544,0.926894431167121
10.938069034517257,0.9248184446691992
10.95177588794397,0.9565737862974308
10.965482741370684,1.0003931822273704
10.979189594797397,0.9962009672699248
10.99289644822411,1.0022578169950354
11.006603301650824,1.0030205566046018
11.020310155077537,1.000825933843111
11.034017008504252,0.9993670072222958
11.047723861930965,0.9972013210802052
11.061430715357679,1.0003650957544037
11.075137568784392,1.003379079516522
11.088844422211105,1.0017056218546059
11.102551275637818,0.9973431431068958
11.116258129064532,1.0029679675934873
11.129964982491245,0.9981113178374212
11.143671835917958,0.9953782831141632
11.157378689344672,1.0011199774328583
11.171085542771385,0.9961623581894253
11.184792396198098,1.0023088437681649
11.198499249624811,1.001951331038107
11.212206103051525,1.0010336520477352
11.225912956478238,0.9991841819637265
11.239619809904951,1.006229170920434
11.253326663331665,0.9985960078375486
11.267033516758378,1.0004736801732645
11.280740370185091,0.9989543245418241
11.294447223611805,1.0006458902051638
11.308154077038518,1.0026514873649433
11.321860930465231,0.9989253002803552
11.335567783891944,0.9969531727356074
11.349274637318658,0.9995973241761169
11.362981490745371,1.0028291124086592
11.376688344172084,1.0026508645857541
11.390395197598798,1.0000478492495821
11.404102051025511,1.0002255850594872
11.417808904452224,1.0003878549459726
11.43151575787894,0.9960629112150645
11.445222611305653,0.9983786620244983
11.458929464732366,0.9993729954923987
11.47263631815908,0.9989913658990065
11.486343171585792,0.9985664584696609
11.500050025012506,1.0019943756825562
11.513756878439219,1.003240245755641
11.527463731865932,0.9997596674968203
11.541170585292646,1.002896395044299
11.554877438719359,0.9994797343922107
11.568584292146072,0.99942387447758
11.582291145572785,1.001311929008543
11.595997998999499,0.997534914738184
11.609704852426212,1.0006194238718873
11.623411705852925,0.9968581966926444
11.637118559279639,1.001715742983013
11.650825412706352,1.0003151134823212
11.664532266133065,1.0020735936414438
11.678239119559779,0.999113953144604
11.691945972986492,1.0040752169773473
11.705652826413205,0.9966272109791515
11.719359679839918,1.003712080339754
11.733066533266632,0.9976644520837217
11.746773386693345,0.9994659938372378
11.760480240120058,0.9983994839327982
11.774187093546772,1.000811323423349
11.787893946973485,1.0034501653030319
11.801600800400198,1.0001630951994605
11.815307653826912,1.0025853996663736
11.829014507253625,0.998773731270856
11.84272136068034,1.0009182571118156
11.856428214107053,1.0002320831953995
11.870135067533766,1.0052149845344776
11.88384192096048,0.9980425912310739
11.897548774387193,1.0017830840402517
11.911255627813906,0.9989470813543023
11.92496248124062,0.9957270157072862
11.938669334667333,1.0015449389873703
11.952376188094046,1.004902029847013
11.96608304152076,1.0003977832265736
11.979789894947473,1.0010609829175747
11.993496748374186,1.0004445727231157
12.0072036018009,0.9979175059358077
12.020910455227613,1.0009447121184045
12.034617308654326,0.997516185002317
12.04832416208104,1.0049948211419049
12.062031015507753,0.9972580183340407
12.075737868934466,0.9991898737289483
12.08944472236118,0.9993467047103628
12.103151575787892,0.9995289263599618
12.116858429214606,0.9973732704104533
12.130565282641319,1.0018732230703797
12.144272136068032,1.002951227543204
12.157978989494746,1.0005158146974513
12.171685842921459,1.0038768030790457
12.185392696348172,1.0036768329484627
12.199099549774886,1.0008825606058585
12.212806403201599,1.0005880839634684
12.226513256628312,0.9974372543210412
12.240220110055027,1.0021427870225186
12.25392696348174,1.0010467016033253
12.267633816908454,0.9977849766956814
12.281340670335167,0.9999660224768259
12.29504752376188,1.0002810731829086
12.308754377188594,1.0023184244657466
12.322461230615307,1.0023257938623371
12.33616808404202,0.9965858632447836
12.349874937468734,1.004821165673021
12.363581790895447,1.0001855819480516
12.37728864432216,0.9957177162287105
12.390995497748873,0.9995966568501842
12.404702351175587,1.0041688194068727
12.4184092046023,1.001630642117132
12.432116058029013,1.0005438407564413
12.445822911455727,1.0006831053144065
12.45952976488244,1.0013960147046608
12.473236618309153,0.9971646599554405
12.486943471735866,0.9990696006569113
12.50065032516258,0.9989471125823031
12.514357178589293,0.9996042877158083
12.528064032016006,1.0005410556020675
12.54177088544272,1.0014139316940271
12.555477738869433,1.0031463616170582
12.569184592296146,0.9994803570624496
12.58289144572286,1.0015469453204258
12.596598299149573,1.0005483306954157
12.610305152576286,0.9805335826051497
12.624012006003,0.8359457635390558
12.637718859429715,0.8300873904406518
12.651425712856428,0.8284613666165455
12.665132566283141,0.8303253567458616
12.678839419709854,0.8328260419096941
12.692546273136568,0.8613321577310186
12.706253126563281,1.0014025640164128
12.719959979989994,1.00405230712626
12.733666833416708,0.9998725009513849
12.74737368684342,0.9990138719152188
12.761080540270134,0.9998935594904459
12.774787393696847,1.0013088294990298
12.78849424712356,1.0031184618718545
12.802201100550274,0.999704352791296
12.815907953976987,1.0008710024633953
12.8296148074037,0.9957335551576767
12.843321660830414,1.0008978424925254
12.857028514257127,1.0004669174621854
12.87073536768384,1.0007353611899654
12.884442221110554,0.9986353669581008
12.898149074537267,1.0032278503413226
12.91185592796398,1.0004713696256953
12.925562781390694,1.0010678385658442
12.939269634817407,0.9990513889343239
12.95297648824412,1.000362296167212
12.966683341670834,0.9969645337850536
12.980390195097547,0.999894943007035
12.99409704852426,0.9995209355460032
13.007803901950973,0.9998177478823276
13.021510755377687,1.0014340282421792
13.035217608804402,1.0011220380502057
13.048924462231115,1.0020789499204854
13.062631315657828,0.9992809231438112
13.076338169084542,0.9990325235579536
13.090045022511255,1.0008009375449052
13.103751875937968,1.000643757035994
13.117458729364682,0.999268264488531
13.131165582791395,0.9998398248430762
13.144872436218108,1.000238518806599
13.158579289644821,1.0018684536756421
13.172286143071535,0.9989190721812118
13.185992996498248,0.9995878238286267
13.199699849924961,1.0032817961835883
13.213406703351675,1.0010899206401114
13.227113556778388,1.0032231235397764
13.240820410205101,1.0009213002633255
13.254527263631815,0.999967567353206
13.268234117058528,1.0011505781098402
13.281940970485241,0.999916379376478
13.295647823911954,0.998907026701203
13.309354677338668,0.9993229510486772
13.323061530765381,1.0026156867816947
13.336768384192094,1.0016712228861038
13.350475237618808,1.0013618463684488
13.364182091045521,0.9962271158250813
13.377888944472234,0.9993104261448544
13.391595797898947,0.9994329402196069
13.40530265132566,1.003845282720417
13.419009504752374,1.0016340326920872
13.432716358179087,0.9966568068228052
13.446423211605802,1.0009810965275343
13.460130065032516,1.00060534660269
13.473836918459229,1.0029093390014412
13.487543771885942,1.003264295263638
13.501250625312656,0.9982892483712439
13.514957478739369,0.9987213267429341
13.528664332166082,0.9983325777965297
13.542371185592796,0.9987107039099911
13.556078039019509,1.0008744738526205
13.569784892446222,1.002465893734187
13.583491745872935,1.0008236566856845
13.597198599299649,0.9989181440218358
13.610905452726362,0.9990643350643693
13.624612306153075,1.0020954614808544
13.638319159579789,0.9997547213242237
13.652026013006502,1.0003625079258414
13.665732866433215,0.9999759706208695
13.679439719859928,1.0010559369102698
13.693146573286642,1.0023596860581718
13.706853426713355,1.0004652557771136
13.720560280140068,0.9972791487682907
13.734267133566782,1.0003694326260366
13.747973986993495,0.9977826710547699
13.761680840420208,1.0021544984008053
13.775387693846922,1.0010047311001997
13.789094547273635,1.0009023950384175
13.802801400700348,0.9975236558973405
13.816508254127061,1.0000352222794266
13.830215107553775,1.0029556370246602
13.84392196098049,0.9974709106949052
13.857628814407203,0.9984261698758191
13.871335667833916,0.9995380042952321
13.88504252126063,0.9998059134083709
13.898749374687343,1.0035342030019057
13.912456228114056,0.9978076818152324
13.92616308154077,0.9979407902412026
13.939869934967483,1.001768458674125
13.953576788394196,0.9997425354862756
13.96728364182091,0.9985823418264002
13.980990495247623,1.0027088331520855
13.994697348674336,0.9998912745837994
14.00840420210105,1.0024492492948942
14.022111055527763,1.0018623543248615
14.035817908954476,1.0010302096235295
14.04952476238119,0.998801222295154
14.063231615807902,1.0036708455171113
14.076938469234616,1.002197801605679
14.090645322661329,1.0014326285929327
14.104352176088042,1.0009125130500698
14.118059029514756,0.997227644509262
14.131765882941469,0.9944852599153242
14.145472736368182,0.9993452844867616
14.159179589794896,1.0004760631636467
14.172886443221609,1.0022460046032742
14.186593296648322,1.001851263420164
14.200300150075035,0.9973883547414121
14.214007003501749,0.9983467654636348
14.227713856928462,1.0018700263103277
14.241420710355177,1.0021269581115657
14.25512756378189,0.9984482157096579
14.268834417208604,1.0034896161340892
14.282541270635317,0.9999513920143444
14.29624812406203,1.0009798440702233
14.309954977488744,0.9962217470661294
14.323661830915457,0.9995806773949053
14.33736868434217,1.0011466266493125
14.351075537768883,1.0013719049128997
14.364782391195597,0.932479344395634
14.37848924462231,0.9281152279670455
14.392196098049023,0.9230222627201908
14.405902951475737,0.9277976670683705
14.41960980490245,0.9251015014606222
14.433316658329163,1.0001585948685896
14.447023511755877,1.000524289410872
14.46073036518259,1.0008138524608476
14.474437218609303,1.0001450083555863
14.488144072036016,0.9991791106683247
14.50185092546273,0.9984676887714308
14.515557778889443,0.9980346138881373
14.529264632316156,1.0007157309473371
14.54297148574287,1.0000764052461635
14.556678339169583,0.9961380496428982
14.570385192596296,0.9962965798939821
14.58409204602301,1.00130170003349
14.597798899449723,1.0013416236658035
14.611505752876436,1.0018670382998351
14.62521260630315,1.0001733521793197
14.638919459729864,1.0015191251263675
14.652626313156578,0.9995283653004232
14.666333166583291,1.0002179579327342
14.680040020010004,0.9996138711535102
14.693746873436718,1.0012847258908044
14.70745372686343,0.9977800405094533
14.721160580290144,0.9984792344801878
14.734867433716857,0.9985527715190082
14.74857428714357,0.9991281476485673
14.762281140570284,1.0006964568387693
14.775987993996997,1.0007663574957946
14.78969484742371,0.9981378795946493
14.803401700850424,1.00013886349097
14.817108554277137,0.9987971977470647
14.83081540770385,1.0036003670284603
14.844522261130564,1.000516576348954
14.858229114557277,1.0000441934212423
14.87193596798399,0.9976468824553408
14.885642821410704,1.0024672643124692
14.899349674837417,1.0007565211159617
14.91305652826413,0.998590964184401
14.926763381690844,1.0024750068785802
14.940470235117557,0.9972424102948833
14.95417708854427,0.9980985188096931
14.967883941970983,1.0012702987352393
14.981590795397697,1.0020255705302503
14.99529764882441,1.0016986013680411
15.009004502251123,0.9986072909642303
15.022711355677837,1.0005828285007528
15.03641820910455,0.9993518065297207
15.050125062531265,1.002087922818927
15.063831915957978,0.9979253903270001
15.077538769384692,1.0015955885413728
15.091245622811405,0.9991366183496776
15.104952476238118,1.0018808617742765
15.118659329664832,1.0005978139069625
15.132366183091545,0.9994058783114594
15.146073036518258,1.0012900008663619
15.159779889944971,0.9988250839340678
15.173486743371685,1.0005169314091205
15.187193596798398,0.9988532701109338
15.200900450225111,0.9963328490996408
15.214607303651825,1.0014416183043957
15.228314157078538,0.9957095701191868
15.242021010505251,0.9990225738660401
15.255727863931964,1.0020420369241854
15.269434717358678,1.001035795409941
15.283141570785391,0.9998239544675518
15.296848424212104,1.0000420061514868
15.310555277638818,1.0033879175423315
15.324262131065531,0.998989678320101
15.337968984492244,0.9961183072120289
15.351675837918958,0.9983371339870741
15.36538269134567,0.9998967125763188
15.379089544772384,0.9981924387023089
15.392796398199097,0.9949743500016448
15.40650325162581,0.9980922328970124
15.420210105052524,1.003007200241131
15.433916958479237,1.0012588259831086
15.447623811905952,0.9979018753131205
15.461330665332666,1.0010383785407941
15.475037518759379,0.9995662026045901
15.488744372186092,0.999602543316953
15.502451225612806,1.0027505947356705
15.516158079039519,1.0002389347325749
15.529864932466232,0.9991397711737566
15.543571785892945,0.9974511398364437
15.557278639319659,1.0036356677457756
15.570985492746372,1.0015171211837124
15.584692346173085,0.9993814737474789
15.598399199599799,1.00081472418972
15.612106053026512,1.000623340545474
15.625812906453225,0.9992224807290109
15.639519759879938,0.9946942742634193
15.653226613306652,0.9988156723433246
15.666933466733365,0.9990783775506563
15.680640320160078,0.9986104434404888
15.694347173586792,0.9985443181534509
15.708054027013505,1.0019892978792417
15.721760880440218,0.9971337068186442
15.735467733866932,1.0033517358793518
15.749174587293645,1.0036713242474675
15.762881440720358,0.999277885299865
15.776588294147071,0.9987216956937479
15.790295147573785,0.9975164934059159
15.804002001000498,1.0021955812460346
15.817708854427211,0.9967401867275767
15.831415707853925,1.0054927305314576
15.84512256128064,1.0011335927258114
15.858829414707353,1.0003010361715248
15.872536268134066,0.9982273174858493
15.88624312156078,1.0016933278485485
15.899949974987493,0.9987928904571188
15.913656828414206,1.000321163651613
15.92736368184092,0.9990946889018685
15.941070535267633,1.0015783986706883
15.954777388694346,1.0017166048281634
15.96848424212106,0.9995442040536533
15.982191095547773,0.9994794645657665
15.995897948974486,1.0010715162625954
16.0096048024012,1.0030207236195319
16.02331165582791,1.001242557346778
16.037018509254626,0.999254408894705
16.05072536268134,0.9966479409700497
16.064432216108052,0.9998384543816132
16.078139069534767,0.9986316973187755
16.09184592296148,0.8718951564117726
16.105552776388194,0.829371563140856
16.119259629814906,0.8290719627076456
16.13296648324162,0.830375397150799
16.146673336668332,0.8310560427130181
16.160380190095047,0.8296574902045935
16.17408704352176,0.9624788874100305
16.187793896948474,0.9990469202999379
16.201500750375185,1.0004087494132867
16.2152076038019,1.0014027489245416
16.228914457228612,1.0006761283644956
16.242621310655327,1.002094426206224
16.25632816408204,1.00189717224022
16.270035017508754,0.9988622783224914
16.283741870935465,0.9977145282123221
16.29744872436218,0.9978426119832807
16.31115557778889,1.0013997502166787
16.324862431215607,1.0001539247659668
16.33856928464232,0.9958697662137442
16.352276138069033,1.0034757798809388
16.365982991495745,0.9966224272410407
16.37968984492246,1.0023914012669
16.39339669834917,1.0007727094385788
16.407103551775887,0.9965263414397514
16.420810405202598,1.0024024540525323
16.434517258629313,1.000157873150407
16.448224112056028,1.0008583653721896
16.46193096548274,0.9984555616455365
16.475637818909455,0.9989208782444468
16.489344672336166,1.000095459074596
16.50305152576288,1.0023726399726482
16.516758379189593,1.000402781483332
16.530465232616308,1.0017160956532583
16.54417208604302,0.998317275677265
16.557878939469735,0.9977883695845808
16.571585792896446,1.0010794295531356
16.58529264632316,0.9962752446073703
16.598999499749873,1.0015401154142654
16.612706353176588,1.0008636881660662
16.6264132066033,1.0017155618084255
16.640120060030014,1.0013941655641359
16.653826913456726,0.9995657242071866
16.66753376688344,0.998111234265741
16.681240620310152,1.0012169244050995
16.694947473736867,0.9989836570398366
16.70865432716358,0.9973184345801646
16.722361180590294,1.0035263734478579
16.736068034017006,0.9994082844218196
16.74977488744372,1.0033928847224267
16.763481740870432,0.997285514874778
16.777188594297147,0.9998231346294079
16.79089544772386,1.000067237700246
16.804602301150574,0.9995034294593987
16.818309154577285,1.0023954390089662
16.832016008004,0.9995449470841565
16.845722861430716,0.9983373063492658
16.859429714857427,1.0024506228588328
16.873136568284142,0.998420001940468
16.886843421710854,1.0018868493522355
16.90055027513757,1.0016268329616185
16.91425712856428,1.0016192350396944
16.927963981990995,1.0007826300863862
16.941670835417707,0.9985335143071787
16.955377688844422,1.0011291136120566
16.969084542271133,0.9973452970708498
16.98279139569785,0.9981798646057871
16.99649824912456,0.9985244758292019
17.010205102551275,1.0018446581553655
17.023911955977987,0.9999021508781861
17.0376188094047,0.9972993045429018
17.051325662831413,1.000169776828592
17.06503251625813,0.9994055878871991
17.07873936968484,0.999398392993079
17.092446223111555,1.0002060367958425
17.106153076538266,0.9974132035879723
17.11985992996498,1.0018583635100615
17.133566783391693,0.9991752301951572
17.147273636818408,0.9984474222701964
17.16098049024512,0.998418624803276
17.174687343671835,1.0004965756448663
17.188394197098546,1.0003343203920059
17.20210105052526,0.9996028816948732
17.215807903951973,0.9986611780584167
17.229514757378688,1.0005223279613744
17.2432216108054,1.001365285207991
17.256928464232114,0.9979602067074814
17.27063531765883,1.0016545189372112
17.28434217108554,0.9994481558798841
17.298049024512256,1.0009917281784195
17.311755877938968,0.9985467121326219
17.325462731365683,0.9996622815571375
17.339169584792394,1.0036552199854258
17.35287643821911,1.000813208437153
17.36658329164582,1.000933110021277
17.380290145072536,0.9983403081318042
17.393996998499247,1.0022117914275819
17.407703851925962,0.9991533317072238
17.421410705352674,1.0009259035294906
17.43511755877939,1.000067926351144
17.4488244122061,0.9996700965691628
17.462531265632816,1.00111886664211
17.476238119059527,1.003670407438438
17.489944972486242,0.9980375173978184
17.503651825912954,1.0022010694390977
17.51735867933967,1.0001341341908572
17.53106553276638,0.9990742387628836
17.544772386193095,0.9982370055319337
17.558479239619807,1.000099959359463
17.572186093046522,1.0049647576357874
17.585892946473233,0.999128820502674
17.59959979989995,0.9994831912256662
17.61330665332666,1.0004346581235808
17.627013506753375,0.9991833099521622
17.640720360180087,0.9988959438998718
17.6544272136068,1.0022442863795744
17.668134067033517,1.001114927482222
17.68184092046023,1.0010797557184772
17.695547773886943,1.0004157249938903
17.709254627313655,1.0014388302958925
17.72296148074037,0.9981667243704453
17.73666833416708,0.9994637563354424
17.750375187593797,0.9999598644038007
17.764082041020508,0.9980324902902613
17.777788894447223,1.0003943244536577
17.791495747873935,1.000938923493523
17.80520260130065,0.9996234914109159
17.81890945472736,1.0031288493675161
17.832616308154076,0.9631889594101872
17.846323161580788,0.9246470897628516
17.860030015007503,0.9265203009926495
17.873736868434214,0.9236579447056746
17.88744372186093,0.9264259431682769
17.90115057528764,0.9821119654702447
17.914857428714356,1.0029977333172726
17.928564282141068,1.0024121013643004
17.942271135567783,0.998020548568506
17.955977988994494,1.0021105132641785
17.96968484242121,0.9984856474285421
17.98339169584792,1.0007231559995515
17.997098549274636,1.0031958336214766
18.010805402701347,0.9999649495988728
18.024512256128062,0.9998296583315023
18.038219109554774,1.0019988947547256
18.05192596298149,0.9992367112664499
18.065632816408204,1.0002342413909049
18.079339669834916,1.0019400075690263
18.09304652326163,0.9991896028956099
18.106753376688342,1.000626434382392
18.120460230115057,1.0008923628121722
18.13416708354177,1.0006163802092187
18.147873936968484,1.0015339280787412
18.161580790395195,0.9982429984344201
18.17528764382191,0.9984237733526499
18.188994497248622,1.0041086762393547
18.202701350675337,1.0003502258614445
18.21640820410205,0.998566870196609
18.230115057528764,1.0012050251180655
18.243821910955475,0.9997113002088652
18.25752876438219,1.0007990538819436
18.2712356178089,1.0004253440693855
18.284942471235617,0.999933301277708
18.29864932466233,0.9982070031485281
18.312356178089043,0.9990357898069135
18.326063031515755,1.0005837231486043
18.33976988494247,1.003514178294768
18.35347673836918,1.0030739036133889
18.367183591795897,1.0014767891163554
18.380890445222608,1.0010327713024172
18.394597298649323,0.998800761509147
18.408304152076035,1.000973728132272
18.42201100550275,1.0018813928992398
18.43571785892946,1.0001163402008328
18.449424712356176,0.9977727863174841
18.46313156578289,1.0017263945869554
18.476838419209603,0.9985181816871469
18.490545272636318,0.9992230223068629
18.50425212606303,0.9998308027135339
18.517958979489745,1.0002111939402958
18.531665832916456,1.0022035173450892
18.54537268634317,1.0024791947686753
18.559079539769883,0.9996885186398036
18.572786393196598,0.9975938274781009
18.58649324662331,1.0000914325570414
18.600200100050024,0.9976051224961482
18.613906953476736,1.0034454097325807
18.62761380690345,1.0035395059563896
18.641320660330162,0.9991955619494584
18.655027513756878,0.9988097047125625
18.66873436718359,0.9998604597955331
18.682441220610304,0.9999605785100888
18.696148074037016,0.9993796936793947
18.70985492746373,1.0013692157841343
18.723561780890442,0.9983907311039552
18.737268634317157,0.9983570586239494
18.75097548774387,0.9965324953744537
18.764682341170584,1.000359988956521
18.778389194597295,1.003455907494461
18.79209604802401,0.9994476683887996
18.805802901450722,1.0024956531753404
18.819509754877437,0.9992360264787172
18.83321660830415,0.998328980567101
18.846923461730864,1.0049539764273223
18.86063031515758,1.0005834623569432
18.87433716858429,0.9965416475772623
18.888044022011005,1.0001432205273963
18.901750875437717,1.0016202850986724
18.915457728864432,1.003125336275402
18.929164582291143,1.002719451710902
18.94287143571786,0.9993609945258554
18.95657828914457,0.9993357346251275
18.970285142571285,1.0005430330671332
18.983991995997997,0.9999522173165183
18.99769884942471,0.9939616707357061
19.011405702851423,0.9998739618294772
19.02511255627814,1.0020556418718618
19.03881940970485,1.0003232296296862
19.052526263131565,0.9982573382405995
19.066233116558276,0.9981729125556098
19.07993996998499,0.9994798016180937
19.093646823411703,1.000456738937254
19.107353676838418,1.000567141811406
19.12106053026513,0.9957681619868952
19.134767383691845,1.0010884237424
19.148474237118556,0.9967418040268219
19.16218109054527,1.000368741607995
19.175887943971983,1.000253046016095
19.189594797398698,0.9989975341369384
19.20330165082541,0.9960794559623212
19.217008504252124,1.0017197365915476
19.230715357678836,0.9996828474452374
19.24442221110555,0.9963437495823936
19.258129064532266,0.9982837992587745
19.271835917958978,1.0008808813972436
19.285542771385693,0.9994393304674797
19.299249624812404,1.0000275260781546
19.31295647823912,1.002087591523586
19.32666333166583,1.0008888094181403
19.340370185092546,0.9988769912396221
19.354077038519257,1.0017772721452531
19.367783891945972,1.0026139557373301
19.381490745372684,0.9769525496071091
19.3951975987994,0.9987192937082668
19.40890445222611,0.9959999805693113
19.422611305652826,0.9996477071653829
19.436318159079537,0.9981931633212019
19.450025012506252,0.999672384833543
19.463731865932964,0.9967921858908553
19.47743871935968,1.0028061795350256
19.49114557278639,1.000675596978377
19.504852426213105,1.0014547364523247
19.518559279639817,1.0033778730051182
19.532266133066532,1.0021853744975975
19.545972986493243,0.9996989570752054
19.55967983991996,0.9300549122583931
19.57338669334667,0.8316174621628448
19.587093546773385,0.831610702351444
19.600800400200097,0.8309482823626236
19.61450725362681,0.8310596886975178
19.628214107053523,0.8287986847888703
19.64192096048024,0.9095384914867961
19.655627813906953,1.0005263929017407
19.669334667333665,0.9989498219920478
19.68304152076038,1.0013419338688936
19.69674837418709,1.000946459283914
19.710455227613807,0.9999183500636639
19.724162081040518,1.0005863374428325
19.737868934467233,1.0040852367273299
19.751575787893945,0.9961965439321578
19.76528264132066,0.9998647357692562
19.77898949474737,0.9976459192157626
19.792696348174086,1.0005671636719902
19.806403201600798,1.0006392263804391
19.820110055027513,1.0002244875306372
19.833816908454224,1.0001993268423415
19.84752376188094,1.0023799189697546
19.86123061530765,1.002725506318656
19.874937468734366,1.00257590204024
19.888644322161078,0.9972047983583835
19.902351175587793,1.0004768667913322
19.916058029014504,0.9969073017313371
19.92976488244122,1.0011327693620031
19.94347173586793,1.0016675800988617
19.957178589294646,0.9981687059102693
19.970885442721357,1.0016377538526278
19.984592296148072,0.9972025664072749
19.998299149574784,1.0007088531556738
20.0120060030015,1.003136533129509
20.02571285642821,0.9995477163065318
20.039419709854926,1.0002652446216258
20.05312656328164,0.9999396892849635
20.066833416708352,0.9996806895197977
20.080540270135067,0.9958609780286076
20.09424712356178,0.9991438039738347
20.107953976988494,0.9987046881557193
20.121660830415205,1.0013201626427657
20.13536768384192,0.9995165657909131
20.149074537268632,1.0033623802581648
20.162781390695347,1.0009978489010856
20.17648824412206,0.9981510654914107
20.190195097548774,0.9983505651250137
20.203901950975485,1.0003246874779768
20.2176088044022,0.9986402154197226
20.23131565782891,1.0038626640701418
20.245022511255627,1.0006518979044505
20.25872936468234,0.9990527671158522
20.272436218109053,1.002310083447028
20.286143071535765,0.9977107617890569
20.29984992496248,0.9996867365848454
20.31355677838919,0.9996780507477262
20.327263631815907,1.0013358037964788
20.340970485242618,1.0019886992934366
20.354677338669333,1.0024995848221065
20.368384192096045,1.0010506431938904
20.38209104552276,1.0001365002325502
20.39579789894947,1.0032219036279946
20.409504752376186,1.0007628365057086
20.423211605802898,0.9973252685686734
20.436918459229613,0.9983035403496515
20.450625312656324,1.0012132998735361
20.46433216608304,1.0014804042227146
20.478039019509755,0.999100841984622
20.491745872936466,1.0007209195291924
20.50545272636318,1.0006308648533266
20.519159579789893,0.9988943508096547
20.532866433216608,0.997752589724051
20.54657328664332,1.001030256510155
20.560280140070034,0.9976054505766666
20.573986993496746,1.001813339917504
20.58769384692346,1.0007954814291924
20.601400700350172,0.99722026760226
20.615107553776888,0.9995485167131195
20.6288144072036,0.9678749562137889
20.642521260630314,1.001983832859605
20.656228114057026,0.9998224194997384
20.66993496748374,1.002710005577914
20.683641820910452,1.0009216135076309
20.697348674337167,1.0009584594752212
20.71105552776388,0.9936394843521346
20.724762381190594,0.9998976638840207
20.738469234617305,1.000771386375851
20.75217608804402,1.0025749832509967
20.765882941470732,1.0001566709668133
20.779589794897447,0.9989365932527281
20.79329664832416,0.9980970991210998
20.807003501750874,0.9981368252735642
20.820710355177585,0.9968545663748786
20.8344172086043,1.0016729631408399
20.84812406203101,0.9998386047466928
20.861830915457727,1.0009534555332236
20.875537768884442,0.9982627298095313
20.889244622311153,0.9965451658081925
20.90295147573787,0.9992101638627148
20.91665832916458,1.0010638097130797
20.930365182591295,1.0007910457279157
20.944072036018007,0.9969224199914588
20.95777888944472,1.0005831035708272
20.971485742871433,1.001091633785586
20.98519259629815,0.9991635114244267
20.99889944972486,1.0018777846587343
21.012606303151575,0.9993745091189199
21.026313156578286,0.9980114765914619
21.040020010005,0.9988915756749083
21.053726863431713,0.9989228827488674
21.067433716858428,0.9954061015042854
21.08114057028514,0.9994818897456175
21.094847423711855,0.9987925756441347
21.108554277138566,1.0001947257579173
21.12226113056528,1.0038080036352437
21.135967983991993,0.9984808845759763
21.149674837418708,1.0020478274359825
21.16338169084542,0.9961641191804583
21.177088544272134,0.9985993345127453
21.190795397698846,0.9996313115873707
21.20450225112556,0.9985038025363131
21.218209104552272,0.9986483621715022
21.231915957978988,0.9959108922010416
21.2456228114057,0.9992574148591914
21.259329664832414,0.9991506664995766
21.27303651825913,0.9986308654055923
21.28674337168584,1.0046699144303828
21.300450225112556,0.9943982614604034
21.314157078539267,0.9264179573578869
21.327863931965982,0.9278339167420762
21.341570785392694,0.9248558381516716
21.35527763881941,0.9259456793832817
21.36898449224612,0.9515392996533389
21.382691345672836,1.0001928031320362
21.396398199099547,0.9990426984707412
21.410105052526262,0.9986031485304099
21.423811905952974,1.0019111639785743
21.43751875937969,1.0017549514163373
21.4512256128064,1.0011244908066947
21.464932466233115,1.0009327659016714
21.478639319659827,1.0019779711297574
21.492346173086542,1.0005126532470412
21.506053026513253,0.999099694118353
21.51975987993997,1.0018456607893609
21.53346673336668,0.9999814804439658
21.547173586793395,1.0012642128976537
21.560880440220107,1.0007149836769467
21.57458729364682,1.0033773630158735
21.588294147073533,1.0033327190406547
21.60200100050025,1.000562728429591
21.61570785392696,1.0022296190477047
21.629414707353675,0.9996825848426465
21.643121560780386,1.0023839215504051
21.6568284142071,0.9982922061104705
21.670535267633817,0.9984819176062105
21.684242121060528,0.9999452339728383
21.697948974487243,0.9997279907512614
21.711655827913955,0.9995554202042833
21.72536268134067,1.0006865060592915
21.73906953476738,1.0000893653124978
21.752776388194096,1.0027477344784692
21.766483241620808,0.9999941840998157
21.780190095047523,1.0003663495904078
21.793896948474234,1.0008309078394946
21.80760380190095,1.000492224368745
21.82131065532766,0.9997703901950615
21.835017508754376,0.9998136778497269
21.848724362181088,0.998757211862456
21.862431215607803,0.999281240340082
21.876138069034514,0.9997403679228779
21.88984492246123,0.9996375685458412
21.90355177588794,1.0007816390015754
21.917258629314656,1.0012071022968625
21.930965482741367,0.9975180950229531
21.944672336168082,0.999460614820403
21.958379189594794,1.0023382811361623
21.97208604302151,1.0004518242548803
21.98579289644822,1.0002067238197958
21.999499749874936,0.9987563137971922
22.013206603301647,0.9986270855656643
22.026913456728362,0.9998087564712039
22.040620310155074,1.0021186987574964
22.05432716358179,0.9998573799839887
22.068034017008504,0.9986442850485128
22.081740870435215,0.9981204110058994
22.09544772386193,1.0034617435104887
22.109154577288642,1.0021035161790366
22.122861430715357,1.0011216247618655
22.13656828414207,0.9977095003042937
22.150275137568784,1.0079992376604439
22.163981990995495,1.0040064393658943
22.17768884442221,1.003067360257071
22.19139569784892,0.9992604364981206
22.205102551275637,0.999302591480435
22.21880940470235,1.001307632965489
22.232516258129063,1.002675574740624
22.246223111555775,0.9967710927384495
22.25992996498249,0.9996228942136871
22.2736368184092,1.00062855073059
22.287343671835917,0.9997429931635488
22.301050525262628,1.0008751554392052
22.314757378689343,1.0016041001523948
22.328464232116055,0.9994968934242459
22.34217108554277,0.9977888611341539
22.35587793896948,0.9989329723846309
22.369584792396196,1.0007751830841993
22.383291645822908,1.0017701009829958
22.396998499249623,0.9985890832761941
22.410705352676334,1.0024669241510136
22.42441220610305,1.0019529769079412
22.43811905952976,1.0001549490227852
22.451825912956476,1.0032095579281217
22.46553276638319,1.0007873073000901
22.479239619809903,0.9991339008675112
22.492946473236618,0.9998251527701066
22.50665332666333,0.9999214209252715
22.520360180090044,0.9964442021895972
22.534067033516756,1.0033603823709176
22.54777388694347,1.000774957115967
22.561480740370182,1.0006794979225493
22.575187593796898,0.9989957256134165
22.58889444722361,0.9991115428394893
22.602601300650324,0.9984263161637642
22.616308154077036,1.0008939587914205
22.63001500750375,1.0006136021025964
22.643721860930462,1.0018247413660117
22.657428714357177,1.001847059556303
22.67113556778389,1.0015028870423042
22.684842421210604,0.9987434130092284
22.698549274637315,1.0018198144525832
22.71225612806403,0.9979957037886039
22.725962981490742,0.9984038321331616
22.739669834917457,0.9986464448737824
22.75337668834417,0.9998563227229639
22.767083541770884,0.9993807732746054
22.780790395197595,1.0043601356159177
22.79449724862431,1.00237065418955
22.808204102051022,1.0002790438723248
22.821910955477737,0.9970050157878616
22.83561780890445,1.001786173919606
22.849324662331163,1.0018596453305653
22.86303151575788,0.9992688244079039
22.87673836918459,1.0026409152417857
22.890445222611305,0.9991001498320169
22.904152076038017,0.998403026521601
22.91785892946473,1.002171926376006
22.931565782891443,0.9969022257715071
22.94527263631816,0.9978540697199992
22.95897948974487,0.9958089165504641
22.972686343171585,1.0002572986631113
22.986393196598296,0.9988425590365159
23.00010005002501,0.9992172888375807
23.013806903451723,1.0024709388847235
23.027513756878438,0.9840600260657508
23.04122061030515,0.8312977272030647
23.054927463731865,0.8335821009923711
23.068634317158576,0.83250781545732
23.08234117058529,0.8326601355296742
23.096048024012003,0.8292570429867117
23.109754877438718,0.8525046792503317
23.12346173086543,0.9996747655852198
23.137168584292144,0.9990331656592943
23.150875437718856,0.9988855465808216
23.16458229114557,0.9981028563519565
23.178289144572283,0.9980797673045887
23.191995997998998,0.9994669354585444
23.20570285142571,1.0029962664953265
23.219409704852424,0.9970012928901091
23.233116558279136,0.9993109531962323
23.24682341170585,0.9998074294221821
23.260530265132566,1.0019179783422858
23.274237118559277,0.9977745494217225
23.287943971985992,1.0012122043591274
23.301650825412704,1.0003737743871837
23.31535767883942,1.000507665685714
23.32906453226613,1.0011489564170875
23.342771385692846,1.0007422572603686
23.356478239119557,0.9994573049570421
23.370185092546272,0.9985856418384086
23.383891945972984,0.9995640055048449
23.3975987993997,1.002590343373859
23.41130565282641,1.0002765163558043
23.425012506253125,0.9991210802843442
23.438719359679837,1.002286492559045
23.452426213106552,1.0022576340698481
23.466133066533263,0.9967728891108152
23.47983991995998,0.9972925813915323
23.49354677338669,0.9992833151024602
23.507253626813405,0.9973717759431541
23.520960480240117,0.9990739998094652
23.53466733366683,1.0001574250377578
23.548374187093543,1.0015311126098592
23.56208104052026,0.9970624001334495
23.57578789394697,0.9977405112303934
23.589494747373685,0.999441168365136
23.603201600800396,0.9997509573911927
23.61690845422711,0.9985283686825589
23.630615307653823,1.0009728794765322
23.644322161080538,0.9996370059818617
23.65802901450725,1.0026380781736637
23.671735867933965,0.9975523860304321
23.68544272136068,0.9988522058162151
23.69914957478739,0.9966036743576316
23.712856428214106,0.9991870045699405
23.726563281640818,1.0023842914251098
23.740270135067533,0.9995691837887831
23.753976988494244,0.996195033996044
23.76768384192096,1.0009957076418354
23.78139069534767,1.0030217641624932
23.795097548774386,0.9972784229646384
23.808804402201098,0.9977202157704204
23.822511255627813,0.9983908483173747
23.836218109054524,1.0002943364030883
23.84992496248124,0.9997008365493342
23.86363181590795,1.0028614947539756
23.877338669334666,1.0016407312739384
23.891045522761377,0.9986526222351002
23.904752376188092,1.0005318397955414
23.918459229614804,1.0014283651389364
23.93216608304152,1.0014212980515753
23.94587293646823,0.9992341747405702
23.959579789894946,1.0008503217469458
23.973286643321657,0.9996079561990787
23.986993496748372,0.9974454461839699
24.000700350175084,1.0024101143348543
24.0144072036018,1.0028125756039794
24.02811405702851,0.9997377218858359
24.041820910455225,1.0008824371870493
24.055527763881937,0.9999897936649096
24.069234617308652,0.9850169056438818
24.082941470735367,0.9969574781440058
24.09664832416208,1.002997040609735
24.110355177588794,1.0029497524290902
24.124062031015505,1.0024697859734846
24.13776888444222,0.9990475011429595
24.15147573786893,0.9991616445261482
24.165182591295647,0.9991857674325534
24.17888944472236,0.9981304040962687
24.192596298149073,0.9984401698298248
24.206303151575785,1.0019073286833875
24.2200100050025,1.0006323928356933
24.23371685842921,0.9999653131763933
24.247423711855927,1.0022615975500666
24.261130565282638,0.998468820810922
24.274837418709353,0.9975009845828848
24.288544272136065,0.9965841544934613
24.30225112556278,1.0003518840660952
24.31595797898949,1.0015315401281963
24.329664832416206,0.9984147380625749
24.343371685842918,1.0023713576997617
24.357078539269633,1.0038863855615667
24.370785392696344,1.0005942094890072
24.38449224612306,0.9975285986116181
24.39819909954977,0.9992498242158642
24.411905952976486,0.9988693988252112
24.425612806403198,0.9986613455807928
24.439319659829913,0.9996829110425453
24.453026513256624,0.9949383224022218
24.46673336668334,1.0017343308184412
24.480440220110054,0.9993996898577476
24.494147073536766,0.9996226445225338
24.50785392696348,1.0028312581886845
24.521560780390192,1.002423974813372
24.535267633816908,1.0063510218195308
24.54897448724362,0.9986110823750955
24.562681340670334,1.0009790605449465
24.576388194097046,1.0013322706225918
24.59009504752376,1.0012887867401838
24.603801900950472,1.0001589535089164
24.617508754377187,0.9966327355793626
24.6312156078039,0.9978079079707264
24.644922461230614,1.0020923646903754
24.658629314657325,0.9980263625198877
24.67233616808404,1.0021158328877118
24.686043021510752,1.0018867263591593
24.699749874937467,0.9982793493563885
24.71345672836418,0.9995386888349737
24.727163581790894,1.0000642545500882
24.740870435217605,0.9975798782356541
24.75457728864432,1.0003061415958574
24.768284142071032,0.998528065645039
24.781990995497747,0.9414816908401107
24.79569784892446,0.9240927748519739
24.809404702351173,0.9235469031785242
24.823111555777885,0.9276993664420619
24.8368184092046,0.9252728522184452
24.85052526263131,1.0015110559857254
24.864232116058027,1.000300865184206
24.87793896948474,0.9978471167464196
24.891645822911453,0.9994965138892723
24.90535267633817,1.0024143301179749
24.91905952976488,1.0010662273161584
24.932766383191595,0.9978781900912446
24.946473236618306,1.0009469620908644
24.96018009004502,0.9980489819745709
24.973886943471733,0.9968644263102701
24.987593796898448,1.0015034011291053
25.00130065032516,1.002239277093863
25.015007503751875,1.002724659497881
25.028714357178586,1.0008293482163164
25.0424212106053,0.9996509488167112
25.056128064032013,1.0016272532912167
25.069834917458728,1.0005173153079259
25.08354177088544,1.002680166272494
25.097248624312154,0.9997587978960895
25.110955477738866,1.0000874090386178
25.12466233116558,0.9976843443916739
25.138369184592293,1.0032815810594322
25.152076038019008,1.0008851166404626
25.16578289144572,1.0008871803473256
25.179489744872434,0.9996938841685504
25.193196598299146,1.0025856128932953
25.20690345172586,1.0035829774210634
25.220610305152572,0.9992532065459655
25.234317158579287,0.9997353705419374
25.248024012006,1.0036822841890367
25.261730865432714,1.0001618643893848
25.27543771885943,1.0002136680019098
25.28914457228614,1.0022394949598077
25.302851425712856,1.0010851998923593
25.316558279139567,1.0016486698876497
25.330265132566282,0.999036829365952
25.343971985992994,0.9977848990476965
25.35767883941971,0.9991765739613868
25.37138569284642,0.9974326541017908
25.385092546273135,1.0030337668828369
25.398799399699847,1.0004411719705635
25.412506253126562,1.0043567317424256
25.426213106553273,0.999781350373173
25.43991995997999,0.9980311453117134
25.4536268134067,1.0008892127155993
25.467333666833415,1.0015555502849895
25.481040520260127,1.002986635724331
25.49474737368684,1.001595367800824
25.508454227113553,1.001338161055205
25.52216108054027,1.00220062390595
25.53586793396698,0.9963859118088523
25.549574787393695,0.9990140806348146
25.563281640820406,0.9966639301810277
25.57698849424712,0.9998731133481762
25.590695347673833,0.998807990820598
25.604402201100548,0.9999472352881309
25.61810905452726,0.9968284374488956
25.631815907953975,0.9997663616154848
25.645522761380686,1.0015909220680295
25.6592296148074,1.0017379714455066
25.672936468234116,0.9992181855160671
25.686643321660828,0.995391885954766
25.700350175087543,0.997589494118543
25.714057028514254,1.000936645325637
25.72776388194097,1.0017181456690067
25.74147073536768,0.9997610940537465
25.755177588794396,1.0018117225730576
25.768884442221108,0.9992507780261684
25.782591295647823,0.9990973650713568
25.796298149074534,1.0013376944575194
25.81000500250125,0.9995545147962507
25.82371185592796,0.9988498169218228
25.837418709354676,0.9979270499855528
25.851125562781387,0.9978986513990703
25.864832416208102,1.001882313145437
25.878539269634814,0.9961022090433127
25.89224612306153,0.9988611285257097
25.90595297648824,0.9988222918190679
25.919659829914956,0.9983703897729911
25.933366683341667,0.9999344219978271
25.947073536768382,0.9982271064468868
25.960780390195094,0.9981577794140372
25.97448724362181,1.003702881620327
25.98819409704852,1.0039367441608271
26.001900950475235,1.0021997657459947
26.015607803901947,1.0033640382122535
26.029314657328662,1.0009053370242398
26.043021510755374,1.0029338084009563
26.05672836418209,0.9982687510097775
26.070435217608804,1.0001595572242958
26.084142071035515,0.9976059431896831
26.09784892446223,0.9969951473887749
26.11155577788894,0.9980289105817168
26.125262631315657,1.0004208303199702
26.13896948474237,1.004020241648102
26.152676338169083,1.0016149553055091
26.166383191595795,0.996375020976856
26.18009004502251,1.0037950159512696
26.19379689844922,1.0023127652652968
26.207503751875937,0.9984299008169296
26.221210605302648,1.002607419950568
26.234917458729363,0.9982800908454633
26.248624312156075,0.9979955879127085
26.26233116558279,0.9988045175232227
26.2760380190095,1.000370220579523
26.289744872436216,1.0014765439846267
26.303451725862928,0.998529440839032
26.317158579289643,1.0008445987756411
26.330865432716354,1.0035183703978918
26.34457228614307,1.0015413950644916
26.35827913956978,1.0001793764018259
26.371985992996496,0.9998976140065006
26.385692846423208,0.9997148405756145
26.399399699849923,0.9980290846181419
26.413106553276634,1.0013781018208228
26.42681340670335,1.0048611750254377
26.44052026013006,0.9976215566475422
26.454227113556776,0.9994521182639973
26.46793396698349,1.000826412807685
26.481640820410203,1.0011197972402597
26.495347673836918,1.0030209903722729
26.50905452726363,0.8787730209769118
26.522761380690344,0.8302606817756415
26.536468234117056,0.8318627926547925
26.55017508754377,0.8254411654804319
26.563881940970482,0.8307314585042158
26.577588794397197,0.8303445447585863
26.59129564782391,0.9566819588467629
26.605002501250624,1.0011107170846898
26.618709354677335,1.0006416383691064
26.63241620810405,0.9983971037165611
26.646123061530762,0.999260546917199
26.659829914957477,1.001143329194123
26.67353676838419,1.0002672811538538
26.687243621810904,1.002722592203293
26.700950475237615,1.0019178173252274
26.71465732866433,0.9992709796773395
26.728364182091042,1.0004113930008807
26.742071035517757,1.001018253091727
26.75577788894447,1.0004480760321819
26.769484742371183,1.0016362107096177
26.783191595797895,0.9953088496464281
26.79689844922461,1.0017651402444665
26.81060530265132,1.0002573644888086
26.824312156078037,0.9987538537922026
26.838019009504748,1.00061697734753
26.851725862931463,0.9995349728811213
26.865432716358175,0.9997674047974932
26.87913956978489,1.0017414370058788
26.892846423211605,0.9983970919957236
26.906553276638316,1.0012826323275645
26.92026013006503,0.9979045867714508
26.933966983491743,1.0007780994316982
26.947673836918458,1.0007874776252266
26.96138069034517,1.0005711994251973
26.975087543771885,1.0015264335850556
26.988794397198596,0.9945513559397711
27.00250125062531,0.9989210648861431
27.016208104052023,0.9996496077945669
27.029914957478738,0.9988452291767916
27.04362181090545,1.000378871611873
27.057328664332164,1.002717055682557
27.071035517758876,1.003050629947699
27.08474237118559,0.9985722229089156
27.098449224612303,1.0016654295520406
27.112156078039018,1.0007809288845289
27.12586293146573,0.9982418768632868
27.139569784892444,0.9999892332145367
27.153276638319156,1.0007598363721355
27.16698349174587,1.0007419460859996
27.180690345172582,0.9995191837125744
27.194397198599297,1.0029444481682686
27.20810405202601,0.9976274907270587
27.221810905452724,1.0016739333362104
27.235517758879435,0.9983935257500413
27.24922461230615,0.9976269043017588
27.262931465732862,0.9993588341831858
27.276638319159577,1.004415404598491
27.290345172586292,1.0008793463938155
27.304052026013004,1.000633850093373
27.31775887943972,0.9997422650905191
27.33146573286643,1.0041470246184483
27.345172586293145,0.9972011579542905
27.358879439719857,1.0029761740018937
27.372586293146572,0.9983157391349158
27.386293146573284,0.9977588442803825
27.4,0.9999388124999757
