time,flux
0.0,1.0004616478917285
0.013706853426713355,0.9997810027668655
0.02741370685342671,1.0021663465055748
0.041120560280140064,0.9992997706178407
0.05482741370685342,1.0001833274245993
0.06853426713356678,1.0017058250236626
0.08224112056028013,0.9989680936976647
0.09594797398699349,1.0025795089013896
0.10965482741370684,1.0016886289796667
0.1233616808404202,0.9994895184503996
0.13706853426713356,0.998882679851469
0.1507753876938469,0.9985960638912494
0.16448224112056026,1.002056894506305
0.1781890945472736,1.0015904362583274
0.19189594797398699,1.001064232351255
0.20560280140070034,0.999710050920051
0.21930965482741369,1.0022137732496368
0.23301650825412704,1.0005849519361207
0.2467233616808404,0.9968081268337273
0.26043021510755376,1.0004408712473
0.2741370685342671,1.0002785896425337
0.28784392196098046,1.000700827092451
0.3015507753876938,1.0019380705979037
0.31525762881440716,1.0026671272238652
0.3289644822411205,0.9995393214072802
0.34267133566783387,1.000049144186994
0.3563781890945472,0.9985213505675047
0.3700850425212606,1.0018354566001382
0.38379189594797397,0.9987582713675986
0.3974987493746873,1.0000556041730841
0.41120560280140067,0.9980137609368165
0.424912456228114,1.0001535939666852
0.43861930965482737,1.002109137087001
0.4523261630815407,1.0014081903958325
0.46603301650825407,1.0018532199815566
0.4797398699349674,0.9993295294226735
0.4934467233616808,0.9979367660102605
0.5071535767883941,1.0014429464136925
0.5208604302151075,1.0003464342816648
0.5345672836418208,1.0008901707230884
0.5482741370685342,1.002072798256985
0.5619809904952475,1.0012145884845107
0.5756878439219609,1.0022592871245741
0.5893946973486743,1.0007873992805565
0.6031015507753876,1.000785105254584
0.616808404202101,0.9940032558256278
0.6305152576288143,0.9999581202638931
0.6442221110555277,1.0006760329274753
0.657928964482241,1.001822233807006
0.6716358179089544,0.9992965620206259
0.6853426713356677,1.000838383784351
0.6990495247623811,1.0002355966857384
0.7127563781890944,0.9979080549106412
0.7264632316158078,0.9979547745890891
0.7401700850425212,0.9972045604002965
0.7538769384692345,0.9852542540429494
0.7675837918959479,0.9720218616287237
0.7812906453226612,0.9693679580294433
0.7949974987493746,0.9741105124717717
0.8087043521760879,0.9713248101558161
0.8224112056028013,0.970188493605124
0.8361180590295146,0.9716236113985082
0.849824912456228,0.9728690413756385
0.8635317658829413,0.9759319953004997
0.8772386193096547,0.9959728654738483
0.8909454727363681,0.9977837177172512
0.9046523261630814,1.0003640129978901
0.9183591795897948,1.0022522176513722
0.9320660330165081,1.0002947285310277
0.9457728864432215,0.9992177912393152
0.9594797398699348,0.9987334796661637
0.9731865932966483,1.0051006257811075
0.9868934467233615,0.9991218137879875
1.000600300150075,1.0001412435437897
1.0143071535767882,0.9999296760686591
1.0280140070035018,1.000557517240352
1.041720860430215,0.9999052642680781
1.0554277138569284,1.0017830069314846
1.0691345672836416,0.999898335327085
1.0828414207103552,1.0012119063434017
1.0965482741370685,1.0002357155475996
1.1102551275637818,1.0012517212296594
1.123961980990495,0.9995205045809535
1.1376688344172086,1.0012153075842978
1.1513756878439219,1.00314900456256
1.1650825412706352,0.9997597985151061
1.1787893946973487,1.0006297818917078
1.192496248124062,1.000099983696899
1.2062031015507753,1.0009351632591479
1.2199099549774886,1.000622834233869
1.233616808404202,0.9989485108974339
1.2473236618309154,1.001282988085021
1.2610305152576287,1.0020159994328564
1.274737368684342,1.0007085807362965
1.2884442221110555,1.0007136262136185
1.3021510755377688,1.0004179478555812
1.315857928964482,1.0023400899125325
1.3295647823911956,0.9993238807901755
1.3432716358179089,0.9970136913813474
1.3569784892446222,0.999086948035255
1.3706853426713355,1.0008829979792675
1.384392196098049,0.9995277277746573
1.3980990495247623,1.0003867240256994
1.4118059029514756,1.0007125885149433
1.4255127563781889,1.0016415587141616
1.4392196098049024,1.0023932813781442
1.4529264632316157,0.9999688658505691
1.466633316658329,1.000025825067331
1.4803401700850425,0.9992195866764793
1.4940470235117558,1.002375922643843
1.507753876938469,0.999939766407245
1.5214607303651824,1.0016056235684905
1.5351675837918959,0.9983647617799939
1.5488744372186092,1.0000376332991425
1.5625812906453225,1.000058044861919
1.5762881440720358,1.0012776499037939
1.5899949974987493,0.9994239741371787
1.6037018509254626,1.0000541967367076
1.6174087043521759,0.9994494748253435
1.6311155577788894,0.997596447632417
1.6448224112056027,1.0006585801395829
1.658529264632316,1.000453167304662
1.6722361180590293,0.9993914237879762
1.6859429714857428,1.002600373563759
1.699649824912456,0.9997395089416363
1.7133566783391694,1.0027627335489373
1.7270635317658827,0.9992594776516259
1.7407703851925962,1.0016051490955757
1.7544772386193095,0.9988746205007133
1.7681840920460228,0.9980774897333039
1.7818909454727363,1.0001563987614739
1.7955977988994496,1.0000876871959878
1.8093046523261629,1.0031622701397822
1.8230115057528762,1.0004382355691999
1.8367183591795897,1.0001494174889523
1.850425212606303,1.001668401024144
1.8641320660330163,1.0002920750917839
1.8778389194597296,1.000264801717849
1.891545772886443,0.9980101992744346
1.9052526263131564,1.0013721930729111
1.9189594797398697,0.9986720021216058
1.9326663331665832,0.9975841647146036
1.9463731865932965,1.001701102423676
1.9600800400200098,0.9990049281315296
1.973786893446723,0.9978078031479383
1.9874937468734366,1.0006385832779157
2.00120060030015,1.0004503350036
2.014907453726863,1.0000002170129498
2.0286143071535765,1.0013507214195791
2.04232116058029,0.999103340772851
2.0560280140070035,0.9993235312698252
2.069734867433717,1.0016265633478596
2.08344172086043,0.9986722881368553
2.0971485742871434,1.000586220323594
2.1108554277138567,0.9999847686660349
2.12456228114057,1.0008089726774356
2.1382691345672833,1.0027173874443451
2.1519759879939966,0.9997566877317899
2.1656828414207103,1.0006350765409209
2.1793896948474236,0.9992234975783573
2.193096548274137,0.9992360215784893
2.20680340170085,0.9988381168467725
2.2205102551275635,0.9980674205286255
2.234217108554277,1.0011944233066892
2.24792396198099,1.0007856098177235
2.261630815407704,0.9973391470265685
2.275337668834417,1.0004307700223656
2.2890445222611304,1.0003644613334837
2.3027513756878437,1.00302711251801
2.316458229114557,0.9992080772200025
2.3301650825412703,1.0000477755169321
2.3438719359679836,0.9994082906640821
2.3575787893946973,0.99760027375301
2.3712856428214106,0.9975327272756184
2.384992496248124,1.0008534703026732
2.3986993496748372,0.9981263892653338
2.4124062031015505,0.9986913077365868
2.426113056528264,0.9999226788478573
2.439819909954977,0.9989107828495304
2.4535267633816904,1.0026150553560456
2.467233616808404,1.002208466604155
2.4809404702351174,0.9796127277060958
2.4946473236618307,0.9547606943674883
2.508354177088544,0.9501089968838174
2.5220610305152573,0.9478122729248971
2.5357678839419706,0.94895578814137
2.549474737368684,0.9505249906467587
2.5631815907953976,0.9472717713712752
2.576888444222111,0.9481427262730235
2.5905952976488242,0.9496377332137989
2.6043021510755375,0.9483528217133702
2.618009004502251,0.9534433904908146
2.631715857928964,0.9799268246026055
2.6454227113556774,1.0002894712755417
2.659129564782391,1.0009909672183117
2.6728364182091044,1.0000214945169128
2.6865432716358177,0.9991381147837298
2.700250125062531,0.999752854793616
2.7139569784892443,1.0005085792656603
2.7276638319159576,1.0016358960969636
2.741370685342671,0.999909975448059
2.755077538769384,0.9976911865018363
2.768784392196098,1.0005928231462444
2.7824912456228112,1.001204757651746
2.7961980990495245,0.9990875616850792
2.809904952476238,0.9988414672899523
2.823611805902951,1.0004203311198976
2.8373186593296644,1.0003557956501032
2.8510255127563777,0.998540235710751
2.8647323661830915,0.9987846798071771
2.8784392196098048,1.0014485527279124
2.892146073036518,0.9988823162837528
2.9058529264632313,0.9980916812647672
2.9195597798899446,1.000153885510581
2.933266633316658,1.0018229132457948
2.9469734867433712,1.0013668242587732
2.960680340170085,0.9981170327809409
2.9743871935967983,1.0001129901756962
2.9880940470235116,0.9998227012725891
3.001800900450225,1.0004309877462465
3.015507753876938,1.0002162066001998
3.0292146073036514,0.998977411098173
3.0429214607303647,0.9995056109298189
3.056628314157078,0.9984153238478403
3.0703351675837918,1.0003678892386627
3.084042021010505,1.0006086754841357
3.0977488744372184,0.9987397937678973
3.1114557278639317,1.0009092282051901
3.125162581290645,1.0018818892901251
3.1388694347173582,0.9999070875699334
3.1525762881440715,1.0019729432914053
3.1662831415707853,0.9998956809205388
3.1799899949974986,1.0005208650390391
3.193696848424212,1.0007891853289415
3.207403701850925,1.00250065007098
3.2211105552776385,1.0001967396861675
3.2348174087043517,0.9995472913352286
3.248524262131065,0.9992329247400384
3.262231115557779,0.9978567994029518
3.275937968984492,1.0037391378208653
3.2896448224112054,0.9979962068424826
3.3033516758379187,0.9998038798013473
3.317058529264632,1.0005854843071291
3.3307653826913453,1.0001323626229892
3.3444722361180586,1.0006941288332174
3.358179089544772,0.9984643796372283
3.3718859429714856,0.9980314455747952
3.385592796398199,1.0014660084456508
3.399299649824912,0.9984397071609084
3.4130065032516255,0.998475678831807
3.4267133566783388,0.9999813078901914
3.440420210105052,1.000295350361098
3.4541270635317654,1.0011205529152918
3.467833916958479,0.9999762108205652
3.4815407703851924,0.9981538685779322
3.4952476238119057,0.9999435887414648
3.508954477238619,0.9987917967922235
3.5226613306653323,1.001405771702614
3.5363681840920456,1.0024702828288785
3.550075037518759,1.0022807523320048
3.5637818909454726,0.9983505345126118
3.577488744372186,0.9984147245765997
3.591195597798899,1.0009562347597274
3.6049024512256125,1.0006739253190002
3.6186093046523258,0.998894462213439
3.632316158079039,1.0007371993260767
3.6460230115057524,1.001306436290252
3.659729864932466,1.000076209975654
3.6734367183591794,0.9996746552519331
3.6871435717858927,0.9999660910335081
3.700850425212606,0.9996217968005002
3.7145572786393193,1.0001140498804493
3.7282641320660326,0.9999695091211129
3.741970985492746,0.9993469914385774
3.755677838919459,0.9996393632240888
3.769384692346173,1.0012669496287954
3.783091545772886,1.0006224137551172
3.7967983991995995,0.9991140394902402
3.810505252626313,1.0006655137443516
3.824212106053026,1.0021346830093434
3.8379189594797394,0.9992543166004658
3.8516258129064527,1.0024256548606496
3.8653326663331664,0.9999322700943447
3.8790395197598797,1.00063817667316
3.892746373186593,0.9986606538706914
3.9064532266133063,0.9991066185644581
3.9201600800400196,1.001591104581506
3.933866933466733,0.9991935351138734
3.947573786893446,1.001144290502602
3.96128064032016,1.0015850346835424
3.974987493746873,0.9991672701002631
3.9886943471735865,0.9998309400968609
4.0024012006003,1.001445068260449
4.016108054027013,1.0016387563664444
4.029814907453726,0.997923708579719
4.04352176088044,1.000781764875795
4.057228614307153,1.0000596075463202
4.070935467733866,1.0008026796192886
4.08464232116058,0.9996847631187389
4.098349174587293,1.000592686960833
4.112056028014007,0.998577296972938
4.12576288144072,1.0001530488064798
4.139469734867434,0.9999015911801462
4.153176588294147,0.9982752674260148
4.16688344172086,1.001313556161938
4.1805902951475735,0.999727369902025
4.194297148574287,0.999139051331617
4.208004002001,0.9985344727665851
4.221710855427713,1.0020789105050163
4.235417708854427,0.9949821931851411
4.24912456228114,0.9756733074212286
4.262831415707853,0.9681934518896893
4.276538269134567,0.972830751701699
4.29024512256128,0.9722727196924491
4.303951975987993,0.9709752232393284
4.317658829414707,0.9725735740795968
4.331365682841421,0.9700866450047522
4.345072536268134,0.9726193666971608
4.358779389694847,0.9867048019898395
4.3724862431215605,1.0000935400270614
4.386193096548274,0.9997113169711276
4.399899949974987,0.9988674936279673
4.4136068034017,0.9987888464265495
4.427313656828414,0.9999214143631324
4.441020510255127,0.9986865783392952
4.45472736368184,1.001564991252564
4.468434217108554,1.000234599084058
4.482141070535267,0.9974521311627572
4.49584792396198,0.9984038873020691
4.5095547773886935,1.0003014678679172
4.523261630815408,0.9991590002001488
4.536968484242121,1.0003044598739568
4.550675337668834,1.0004298308018167
4.5643821910955475,1.0007215342619067
4.578089044522261,0.9992038670570245
4.591795897948974,0.9997510662340355
4.605502751375687,0.9977671473150024
4.619209604802401,1.0000632824738789
4.632916458229114,1.002005983809748
4.646623311655827,0.9990813421778375
4.660330165082541,1.0010862704050114
4.674037018509254,0.9997765788227078
4.687743871935967,0.9977212023095376
4.7014507253626805,1.0004901194926152
4.715157578789395,1.0043186997995246
4.728864432216108,0.9995499988620523
4.742571285642821,0.998623024445088
4.756278139069535,1.0015142711139287
4.769984992496248,0.9999387019071526
4.783691845922961,0.9991208319400801
4.7973986993496744,1.0009166148403421
4.811105552776388,1.0006843075106897
4.824812406203101,1.0002078316738718
4.838519259629814,0.9993496327668019
4.852226113056528,1.0004291002669377
4.865932966483241,0.9993999349401039
4.879639819909954,1.0002571914003635
4.8933466733366675,0.9999909426741642
4.907053526763381,1.0003775009720313
4.920760380190095,0.9988173630682367
4.934467233616808,1.0004101793063607
4.948174087043522,1.001686903788136
4.961880940470235,0.9977688488921106
4.975587793896948,0.9979357201473916
4.9892946473236615,0.9998207325677242
5.003001500750375,1.0014522873869642
5.016708354177088,1.0004580383578396
5.030415207603801,0.9998973547212296
5.044122061030515,1.000996706842995
5.057828914457228,0.9998464182664408
5.071535767883941,0.9990193392446904
5.0852426213106545,1.0000998466123219
5.098949474737368,1.0005872051377271
5.112656328164081,1.0022145228303552
5.126363181590795,1.0007509828623131
5.140070035017509,0.9998955678830054
5.153776888444222,1.0007106995647983
5.167483741870935,0.9982895183800401
5.1811905952976485,0.9983682235138286
5.194897448724362,0.9990906900127411
5.208604302151075,1.0000094286462742
5.222311155577788,1.0003660829640086
5.236018009004502,0.9998533594216975
5.249724862431215,0.9986215842606588
5.263431715857928,0.9979406952719282
5.2771385692846415,0.9992559653412438
5.290845422711355,1.0001524828936472
5.304552276138068,1.000000718762366
5.318259129564782,1.003791232548803
5.331965982991496,0.9998561326686914
5.345672836418209,1.000252805060279
5.359379689844922,1.0020538418877314
5.3730865432716355,1.000629845800356
5.386793396698349,1.0015196845707914
5.400500250125062,1.000964294173747
5.414207103551775,1.0028565790948023
5.427913956978489,0.9976708992820227
5.441620810405202,0.9990347922237932
5.455327663831915,1.000641933649697
5.4690345172586285,1.002211641324632
5.482741370685342,0.9997521475909075
5.496448224112055,0.9975165571695996
5.510155077538768,1.0011285140202628
5.523861930965483,0.9989453106676852
5.537568784392196,0.9982296032605972
5.551275637818909,1.0011343690026107
5.5649824912456225,0.9994326336001542
5.578689344672336,1.0012719417285587
5.592396198099049,1.0017961030912197
5.606103051525762,0.9998510692158172
5.619809904952476,1.0016170933079414
5.633516758379189,0.9999069293645548
5.647223611805902,0.9995519169695618
5.660930465232616,1.0020116521398366
5.674637318659329,1.0005576717790343
5.688344172086042,1.0007416705762457
5.7020510255127554,0.9995731532284924
5.71575787893947,1.0015396976407998
5.729464732366183,1.0004649973072053
5.743171585792896,0.9987333060443145
5.7568784392196095,0.9990198009591174
5.770585292646323,1.001351739933107
5.784292146073036,1.0009957444429272
5.797998999499749,0.9997128393458377
5.811705852926463,0.9989065036884082
5.825412706353176,1.0022121540387958
5.839119559779889,1.000638444899395
5.852826413206603,0.9987240582535049
5.866533266633316,1.00065356930376
5.880240120060029,1.003871709192955
5.8939469734867425,0.999009667111291
5.907653826913456,0.9988175023949747
5.92136068034017,0.999425635505436
5.935067533766883,1.0012791931342397
5.9487743871935965,1.0009628969943292
5.96248124062031,0.991267230062687
5.976188094047023,0.9648129330309396
5.989894947473736,0.9485481976436602
6.00360180090045,0.9482345459242332
6.017308654327163,0.9508378800965234
6.031015507753876,0.9505625660308092
6.04472236118059,0.9492351605777936
6.058429214607303,0.9476719287590241
6.072136068034016,0.9499590290595857
6.0858429214607295,0.9501401923458817
6.099549774887443,0.9477886232301612
6.113256628314156,0.9713912117107002
6.12696348174087,0.9956857270378386
6.1406703351675835,1.0017056471658532
6.154377188594297,1.000788517856436
6.16808404202101,1.0001836717860724
6.181790895447723,1.0000606365471818
6.195497748874437,1.00049764966465
6.20920460230115,1.0011285195241575
6.222911455727863,0.9991724693040492
6.236618309154577,1.0024619513469477
6.25032516258129,0.9995066064051938
6.264032016008003,1.000190919737158
6.2777388694347165,1.0015713370128585
6.29144572286143,0.9995947929736011
6.305152576288143,0.9996127954176072
6.318859429714857,1.0009957129456066
6.3325662831415706,0.9991556923665593
6.346273136568284,0.9978957608351476
6.359979989994997,0.9993608352219148
6.37368684342171,0.9996637437003608
6.387393696848424,0.9990523939020336
6.401100550275137,0.9975618328903209
6.41480740370185,0.9998127494727931
6.428514257128564,1.0001623264465629
6.442221110555277,1.0005701390196677
6.45592796398199,0.9996976242052763
6.4696348174087035,1.0002631023532462
6.483341670835417,0.998988556687486
6.49704852426213,0.9989965790177844
6.510755377688843,1.0011827935096298
6.524462231115558,0.9986641082839582
6.538169084542271,0.9998979089140473
6.551875937968984,1.0009762320214646
6.5655827913956974,1.0006755376028704
6.579289644822411,1.0019492571447057
6.592996498249124,1.0005184353408691
6.606703351675837,0.9992861382853923
6.620410205102551,0.9996444474700025
6.634117058529264,1.0006954088070088
6.647823911955977,0.9998190268076947
6.6615307653826905,0.9996984764136598
6.675237618809404,1.0018611188397728
6.688944472236117,1.001582908989129
6.70265132566283,1.0018050952601076
6.716358179089544,1.0013586770955196
6.730065032516258,0.9993946847359834
6.743771885942971,1.0008451338770674
6.7574787393696845,1.0026413035508772
6.771185592796398,0.9985474438002975
6.784892446223111,0.9980657506963004
6.798599299649824,0.9979959056757101
6.812306153076538,0.9997888426365498
6.826013006503251,1.001042616481022
6.839719859929964,1.0003621314796725
6.8534267133566775,1.0003775096350147
6.867133566783391,0.998670298319535
6.880840420210104,0.9988607443992567
6.894547273636817,1.0001650986834023
6.908254127063531,0.9993220766145083
6.921960980490245,0.9999054721749318
6.935667833916958,0.9983892363304057
6.9493746873436715,0.9987785555130183
6.963081540770385,0.9998813916233189
6.976788394197098,1.0023491724901459
6.990495247623811,1.0003985133719189
7.004202101050525,1.0003680656791454
7.017908954477238,0.9997124454434918
7.031615807903951,1.0007090376696328
7.0453226613306645,0.9985549948096879
7.059029514757378,1.001656635462077
7.072736368184091,1.0000791256011263
7.086443221610804,0.9986718467061585
7.100150075037518,1.0010837671332695
7.113856928464231,1.0012411634891303
7.127563781890945,1.0007729910386487
7.1412706353176585,0.9987323518321607
7.154977488744372,0.9999508497471893
7.168684342171085,1.0004948970331713
7.182391195597798,1.000039208890538
7.196098049024512,0.9995176305957907
7.209804902451225,0.999322033618814
7.223511755877938,1.0013481473971741
7.2372186093046516,1.001554673516089
7.250925462731365,0.9995005890276345
7.264632316158078,0.9980630778911147
7.278339169584791,0.9981500616047577
7.292046023011505,1.000063764787355
7.305752876438218,1.0001053923388077
7.319459729864932,1.002032790802456
7.3331665832916455,0.9996588988492578
7.346873436718359,1.0004137582386456
7.360580290145072,0.998157920078582
7.374287143571785,1.0007779882922088
7.387993996998499,0.9976514357775867
7.401700850425212,0.9999079996454211
7.415407703851925,1.0002688432898554
7.429114557278639,0.9997166810836572
7.442821410705352,1.0009381820248198
7.456528264132065,0.9996114867976632
7.4702351175587784,1.0005923259013594
7.483941970985492,1.0004750095220234
7.497648824412205,0.9985313128307196
7.511355677838918,1.0001827405713297
7.5250625312656325,0.9981004911148798
7.538769384692346,0.999788831876028
7.552476238119059,1.0009572280204517
7.566183091545772,1.0012424755521265
7.579889944972486,0.9989712103838542
7.593596798399199,0.9977739408864759
7.607303651825912,0.9986134678191343
7.621010505252626,1.0006741704713535
7.634717358679339,0.9997478689667558
7.648424212106052,0.9999834271756368
7.6621310655327655,0.9994853488351758
7.675837918959479,0.9992070988341681
7.689544772386192,1.0005194993753102
7.703251625812905,0.9990585693260777
7.716958479239619,0.9991489257845999
7.730665332666333,0.9832422235984765
7.744372186093046,0.9701628904857577
7.758079039519759,0.9713826995042157
7.771785892946473,0.972034026239582
7.785492746373186,0.9721511619707067
7.799199599799899,0.9717756341827521
7.812906453226613,0.9728994846316192
7.826613306653326,0.9720807581666006
7.840320160080039,0.982188783662675
7.8540270135067525,0.9979971509399608
7.867733866933466,1.000959193395241
7.881440720360179,1.000172092125516
7.895147573786892,1.0009712243949316
7.908854427213606,1.001048505845464
7.92256128064032,0.999074269379266
7.936268134067033,0.9986340603649223
7.949974987493746,1.0007621219912135
7.96368184092046,0.9994192069578355
7.977388694347173,1.0010432084963419
7.991095547773886,1.0011463134916443
8.0048024012006,0.9987561101455793
8.018509254627313,1.0001418154740174
8.032216108054026,1.0011922469395202
8.04592296148074,0.997015012053702
8.059629814907453,1.000010220895645
8.073336668334166,1.0005958265260582
8.08704352176088,0.9999210622298136
8.100750375187593,1.000934885032979
8.114457228614306,0.9987152870331962
8.12816408204102,0.9993647375843727
8.141870935467733,1.000316255218536
8.155577788894446,1.0013039748854413
8.16928464232116,1.0010992153483735
8.182991495747872,1.0008085034706327
8.196698349174586,1.0009563550386154
8.210405202601299,1.0005194670458077
8.224112056028014,1.001688359263049
8.237818909454727,1.0015728306682397
8.25152576288144,1.0000968967272443
8.265232616308154,0.999145471375542
8.278939469734867,0.9987601512797524
8.29264632316158,1.0000325477113021
8.306353176588294,0.9982143790046898
8.320060030015007,0.9990723150333186
8.33376688344172,1.001234198526535
8.347473736868434,0.9996454721507124
8.361180590295147,1.0002088222092635
8.37488744372186,1.0003120276209425
8.388594297148574,1.0033950891512102
8.402301150575287,1.000729799315816
8.416008004002,0.9999788719220459
8.429714857428714,0.9997433224320913
8.443421710855427,0.9977474734434658
8.45712856428214,1.0016420197406057
8.470835417708853,0.9981257253599564
8.484542271135567,0.997131215155963
8.49824912456228,0.9994186583590443
8.511955977988993,0.9994402889126268
8.525662831415707,1.0005894798401478
8.53936968484242,0.9970873361266458
8.553076538269133,1.0018114297673861
8.566783391695846,1.000036370221275
8.58049024512256,1.000064941833536
8.594197098549273,0.9994959569619467
8.607903951975986,0.9993852162985698
8.6216108054027,0.9983833125100242
8.635317658829415,0.9992277921847924
8.649024512256128,0.9998293774897254
8.662731365682841,1.0005120067132387
8.676438219109555,1.0008206827019106
8.690145072536268,1.00043700998202
8.703851925962981,1.0015735445490788
8.717558779389694,0.9998438181812126
8.731265632816408,0.9987561884998644
8.744972486243121,0.999253428661759
8.758679339669834,1.0020915540241717
8.772386193096548,1.0000276261006515
8.786093046523261,1.0017624019266833
8.799799899949974,0.9992056992353874
8.813506753376688,0.9991877291060285
8.8272136068034,0.9986412901242623
8.840920460230114,1.001189844865438
8.854627313656827,0.9999931654269375
8.86833416708354,0.9999636121336715
8.882041020510254,0.9989383582540202
8.895747873936967,1.0009851822057783
8.90945472736368,1.0016089796637981
8.923161580790394,1.0028929908632656
8.936868434217107,1.000871746849756
8.95057528764382,0.9997545856138147
8.964282141070534,0.9987727896797085
8.977988994497247,1.0007132055372487
8.99169584792396,0.997747129819708
9.005402701350674,0.9985398357910056
9.019109554777387,0.9998469680909322
9.032816408204102,0.9994135159670292
9.046523261630815,1.0001350075713542
9.060230115057529,1.0001196757910247
9.073936968484242,0.9986138449577691
9.087643821910955,1.0001847546313711
9.101350675337669,0.99791155779648
9.115057528764382,1.001601712882842
9.128764382191095,0.9991690356434574
9.142471235617808,1.0002989248194276
9.156178089044522,0.9998833792877511
9.169884942471235,0.9999897215317913
9.183591795897948,1.001274416369908
9.197298649324662,0.9999013051509713
9.211005502751375,0.9983263392646148
9.224712356178088,0.999208163549282
9.238419209604801,1.0003993875585397
9.252126063031515,0.9988213785585554
9.265832916458228,1.0011345447521
9.279539769884941,0.9998019053856032
9.293246623311655,0.9993675853475045
9.306953476738368,1.0013671958610462
9.320660330165081,0.9993351825495813
9.334367183591795,1.000348165406857
9.348074037018508,0.9997001591532588
9.361780890445221,0.999501024919812
9.375487743871934,0.9986765115429473
9.389194597298648,1.000807398889899
9.402901450725361,1.001344921553111
9.416608304152074,0.997965136276985
9.43031515757879,0.9992672699327148
9.444022011005503,1.0020124320357724
9.457728864432216,0.9715770184286392
9.47143571785893,0.9485519671050634
9.485142571285643,0.947963899191048
9.498849424712356,0.9496299259131604
9.51255627813907,0.9464000806378318
9.526263131565782,0.9478641124176526
9.539969984992496,0.9469742104749262
9.553676838419209,0.9513760214547728
9.567383691845922,0.9504747059101433
9.581090545272636,0.9489308741572948
9.594797398699349,0.9591201959447027
9.608504252126062,0.9850152055302869
9.622211105552775,0.9996655629405183
9.635917958979489,1.0008645627681716
9.649624812406202,1.0000626790666307
9.663331665832915,1.0003188793721953
9.677038519259629,1.0006720961580045
9.690745372686342,0.9973750232966296
9.704452226113055,0.9993832403111974
9.718159079539769,1.0005604165777535
9.731865932966482,0.9993363285083252
9.745572786393195,0.9989276126997545
9.759279639819908,1.0022796114550225
9.772986493246622,1.0013918696103477
9.786693346673335,0.9997249497667674
9.800400200100048,1.0010291821713306
9.814107053526762,1.0017268482297883
9.827813906953477,1.0007318543946395
9.84152076038019,0.9983574013740353
9.855227613806903,1.0007707299903243
9.868934467233617,1.0000359670087475
9.88264132066033,1.0012012603175362
9.896348174087043,1.0000549631405244
9.910055027513756,0.999585506042925
9.92376188094047,0.9998955334649452
9.937468734367183,0.9996233499686591
9.951175587793896,1.0011052959533293
9.96488244122061,0.9978681380016866
9.978589294647323,1.0004541052232658
9.992296148074036,1.001118987889486
10.00600300150075,1.0016114136428067
10.019709854927463,0.9997222693200475
10.033416708354176,0.9990171999821291
10.04712356178089,0.9995611447292381
10.060830415207603,0.9984641747203288
10.074537268634316,0.9971613237481914
10.08824412206103,0.9995754412187253
10.101950975487743,0.9991017765018638
10.115657828914456,1.000742633964791
10.12936468234117,0.999064539670399
10.143071535767882,1.0006439944216823
10.156778389194596,0.9997384149817835
10.170485242621309,1.0019578988933493
10.184192096048022,1.0006068622513944
10.197898949474736,0.9988141952369883
10.211605802901449,0.9975505908109843
10.225312656328162,0.9998656112528537
10.239019509754877,0.9982085174510881
10.25272636318159,1.0003136861824462
10.266433216608304,0.9984840069521139
10.280140070035017,0.999081496205777
10.29384692346173,0.9981442074244848
10.307553776888444,1.0044732082346501
10.321260630315157,0.9967521167841581
10.33496748374187,0.9996467972682026
10.348674337168584,0.999177483003167
10.362381190595297,0.9990368053824997
10.37608804402201,0.9966005229237139
10.389794897448724,0.9990836856462489
10.403501750875437,0.9995894529301966
10.41720860430215,0.9992851170142274
10.430915457728863,1.0014729308449921
10.444622311155577,0.9986559665383397
10.45832916458229,1.0002887924992585
10.472036018009003,1.0003829098132186
10.485742871435717,0.9999476330541155
10.49944972486243,0.9997804780322443
10.513156578289143,1.000134006268358
10.526863431715856,0.999167037410244
10.54057028514257,0.9988732742081076
10.554277138569283,0.9996783328343267
10.567983991995996,1.000452808138763
10.58169084542271,1.0018139325996773
10.595397698849423,0.9977576636114482
10.609104552276136,1.0012275599679097
10.62281140570285,0.9985268463756146
10.636518259129565,0.9964373644928111
10.650225112556278,1.0006751563710323
10.663931965982991,0.9989939015489744
10.677638819409704,1.0015367775938622
10.691345672836418,1.0005713390712723
10.705052526263131,1.001617351602812
10.718759379689844,1.0013437637805918
10.732466233116558,1.0007590201668028
10.746173086543271,1.001074711422518
10.759879939969984,0.9995144151420033
10.773586793396698,0.9998816151347351
10.78729364682341,1.0006468448409
10.801000500250124,0.9980249332729516
10.814707353676837,1.0011988017865896
10.82841420710355,1.0007617904676993
10.842121060530264,0.9990749201901558
10.855827913956977,0.9994418676630962
10.86953476738369,0.9975558618989192
10.883241620810404,0.9986615229745565
10.896948474237117,1.0025330236143315
10.91065532766383,0.9985639195736773
10.924362181090544,1.0011918008636886
10.938069034517257,1.0012342299087489
10.95177588794397,0.9975116210087939
10.965482741370684,1.000557850056499
10.979189594797397,1.0007248568064595
10.99289644822411,0.9991715106777387
11.006603301650824,0.99629645463151
11.020310155077537,1.0006719285388688
11.034017008504252,1.0018377802849743
11.047723861930965,0.9973456381233431
11.061430715357679,0.9993450932784701
11.075137568784392,0.9988621680911464
11.088844422211105,1.0008539549985653
11.102551275637818,0.9985085413331302
11.116258129064532,0.996802987653041
11.129964982491245,0.9997478739044261
11.143671835917958,0.9999573196107218
11.157378689344672,0.9999399453616118
11.171085542771385,0.9984310271994973
11.184792396198098,1.000131860894023
11.198499249624811,1.0001909574070555
11.212206103051525,0.9902106629006864
11.225912956478238,0.9725263332366283
11.239619809904951,0.9713132960798456
11.253326663331665,0.9714323455870465
11.267033516758378,0.9718009116250488
11.280740370185091,0.9724761354946156
11.294447223611805,0.9715148145354364
11.308154077038518,0.9729808465267071
11.321860930465231,0.9727828307584437
11.335567783891944,0.9911383801441558
11.349274637318658,1.000288286180135
11.362981490745371,0.9980271616185405
11.376688344172084,1.0005850493559092
11.390395197598798,1.0008868200757817
11.404102051025511,1.0003234488182577
11.417808904452224,1.0018930370917511
11.43151575787894,1.0011855768490665
11.445222611305653,0.998602598888629
11.458929464732366,0.9993607982270888
11.47263631815908,0.9993311657764444
11.486343171585792,0.9983341200887259
11.500050025012506,1.0013969253128436
11.513756878439219,1.0016553188454589
11.527463731865932,0.9997431934024369
11.541170585292646,1.0018164825200062
11.554877438719359,0.9966764165283462
11.568584292146072,0.9995830101982827
11.582291145572785,0.9999006314224194
11.595997998999499,1.0001023103548765
11.609704852426212,0.9978430259086386
11.623411705852925,0.9912782217792564
11.637118559279639,0.9988760335700263
11.650825412706352,1.0003452339348002
11.664532266133065,0.9982285920583942
11.678239119559779,1.0008898799495987
11.691945972986492,0.9992255471024087
11.705652826413205,0.997855703564459
11.719359679839918,1.000259405857038
11.733066533266632,1.0003868856231948
11.746773386693345,1.0005944339359194
11.760480240120058,0.9991715737995724
11.774187093546772,1.0001018439462468
11.787893946973485,0.9984562391620856
11.801600800400198,0.9996851803565412
11.815307653826912,0.9965657680677025
11.829014507253625,0.9986234066637633
11.84272136068034,0.9988035752573745
11.856428214107053,0.9995831597659399
11.870135067533766,1.0014908435084888
11.88384192096048,0.9990311080850395
11.897548774387193,0.9977242330572879
11.911255627813906,1.0011048649293561
11.92496248124062,0.9995239218192092
11.938669334667333,0.9983080584994038
11.952376188094046,0.999829084102085
11.96608304152076,1.0019924748251259
11.979789894947473,0.999742200862829
11.993496748374186,1.0011164168395124
12.0072036018009,0.9976488347741047
12.020910455227613,1.0001923506916417
12.034617308654326,1.000168247218682
12.04832416208104,1.0014449720664074
12.062031015507753,1.0018087412919467
12.075737868934466,1.0000549743523288
12.08944472236118,0.9997389692157634
12.103151575787892,0.999972244001006
12.116858429214606,1.00370298569805
12.130565282641319,0.99906847698693
12.144272136068032,1.00131055125318
12.157978989494746,0.999561150692007
12.171685842921459,1.0003955374813234
12.185392696348172,0.9990103933680897
12.199099549774886,1.0020033047372419
12.212806403201599,0.9998419164700251
12.226513256628312,0.9994870640212569
12.240220110055027,1.000846638966611
12.25392696348174,1.0003992731491154
12.267633816908454,0.9971840028838141
12.281340670335167,1.0000317353233217
12.29504752376188,1.0009372983675655
12.308754377188594,1.0011119382288411
12.322461230615307,1.0002618523763358
12.33616808404202,0.9993445607798276
12.349874937468734,0.9995960933597668
12.363581790895447,1.0015433219455263
12.37728864432216,1.0011176761403144
12.390995497748873,1.0022086768655751
12.404702351175587,0.9983166591977869
12.4184092046023,0.9998160625266634
12.432116058029013,0.9991890600267272
12.445822911455727,0.9982688861795196
12.45952976488244,1.0001228005582106
12.473236618309153,1.0028481007202943
12.486943471735866,0.9972976799049289
12.50065032516258,1.0001114637168123
12.514357178589293,0.999958010067014
12.528064032016006,1.0004485231455107
12.54177088544272,1.0022913689127506
12.555477738869433,1.0004387445848244
12.569184592296146,0.9988474499586191
12.58289144572286,1.00244891500461
12.596598299149573,1.0003802512393898
12.610305152576286,0.9989774029043618
12.624012006003,1.001579659522985
12.637718859429715,0.9994263943761581
12.651425712856428,1.000422640131643
12.665132566283141,1.0003916796778949
12.678839419709854,1.0004923657132032
12.692546273136568,0.9989139632310606
12.706253126563281,1.0014669205365452
12.719959979989994,0.9992198880441665
12.733666833416708,0.9999694458569656
12.74737368684342,0.9995656639405756
12.761080540270134,1.0026491028441296
12.774787393696847,1.0006732252904862
12.78849424712356,1.0006007437482447
12.802201100550274,1.0001258191972
12.815907953976987,1.0009600290221752
12.8296148074037,1.0001786036086457
12.843321660830414,0.9983378845610014
12.857028514257127,1.0000063579076968
12.87073536768384,0.9997827540376444
12.884442221110554,0.9986524848069989
12.898149074537267,1.0003553639621883
12.91185592796398,0.9981191656870294
12.925562781390694,0.9999072609330966
12.939269634817407,0.9853240213862056
12.95297648824412,0.9572622355678118
12.966683341670834,0.9497379754790636
12.980390195097547,0.9483595612423235
12.99409704852426,0.9501012017892662
13.007803901950973,0.9480277873695679
13.021510755377687,0.9493541687255933
13.035217608804402,0.947826879824272
13.048924462231115,0.9489034892169186
13.062631315657828,0.9481455435761278
13.076338169084542,0.9476595976506585
13.090045022511255,0.9745829095519044
13.103751875937968,1.0001453889191523
13.117458729364682,0.9983537976014605
13.131165582791395,1.0003079053411792
13.144872436218108,0.9993869407226493
13.158579289644821,1.0017955107998047
13.172286143071535,1.000395593661918
13.185992996498248,0.9979739288003417
13.199699849924961,0.9987171666229242
13.213406703351675,1.0015625670896442
13.227113556778388,0.9988073596017293
13.240820410205101,1.0009589272716162
13.254527263631815,1.000117114007978
13.268234117058528,1.0012859782990553
13.281940970485241,1.0002192703509518
13.295647823911954,1.002109993786156
13.309354677338668,0.999527447108286
13.323061530765381,0.9995146120155918
13.336768384192094,1.0025675806088736
13.350475237618808,0.9995800239232507
13.364182091045521,1.0007350240365191
13.377888944472234,0.9997105649654093
13.391595797898947,1.000284663334688
13.40530265132566,1.00097224830577
13.419009504752374,1.0017701256399043
13.432716358179087,0.9975629815931732
13.446423211605802,0.9985921805690638
13.460130065032516,1.0001895326563703
13.473836918459229,1.0008550285554823
13.487543771885942,0.9985765730122153
13.501250625312656,1.00247499619185
13.514957478739369,1.0007043222699192
13.528664332166082,0.9990167848033222
13.542371185592796,0.999874835984533
13.556078039019509,0.9987914346177748
13.569784892446222,1.000098495418614
13.583491745872935,0.9987490953355684
13.597198599299649,0.9982380790877524
13.610905452726362,1.001647619963182
13.624612306153075,1.0017258079549787
13.638319159579789,0.9974721412995295
13.652026013006502,1.0017876668391104
13.665732866433215,1.000156490826812
13.679439719859928,1.00070886867868
13.693146573286642,0.9992192186889712
13.706853426713355,0.9990816393086313
13.720560280140068,0.9989027069617036
13.734267133566782,0.9981345853698632
13.747973986993495,1.000734639708133
13.761680840420208,0.9989565391396187
13.775387693846922,1.0005069929226031
13.789094547273635,0.9990883760800285
13.802801400700348,0.9997110620728447
13.816508254127061,0.9994899298801069
13.830215107553775,0.9995760997729581
13.84392196098049,1.0004661413706495
13.857628814407203,0.9988856184451829
13.871335667833916,0.9976379106618031
13.88504252126063,1.0005334870401765
13.898749374687343,0.9978859553842532
13.912456228114056,0.9995434005402666
13.92616308154077,1.0015296641675449
13.939869934967483,0.9993803710376202
13.953576788394196,0.9986959630601007
13.96728364182091,1.000046082375887
13.980990495247623,0.9999742053534441
13.994697348674336,0.9990576701150894
14.00840420210105,0.9997299238363818
14.022111055527763,1.0007432790111792
14.035817908954476,0.998692047160833
14.04952476238119,0.9979963306417671
14.063231615807902,0.9980556499956246
14.076938469234616,1.0018799707090602
14.090645322661329,0.9992414023580004
14.104352176088042,1.001818478436833
14.118059029514756,1.0011576130936704
14.131765882941469,0.9982147823642269
14.145472736368182,0.9990847557871809
14.159179589794896,1.0011626350503209
14.172886443221609,1.0007976520960282
14.186593296648322,0.998979759775549
14.200300150075035,0.9988211633857099
14.214007003501749,0.9993149828594388
14.227713856928462,1.000621004822538
14.241420710355177,1.000244675835449
14.25512756378189,1.0021645037677391
14.268834417208604,0.9987586703900677
14.282541270635317,1.0000660734117734
14.29624812406203,0.9991275672819792
14.309954977488744,0.9995124510033
14.323661830915457,1.001106295653296
14.33736868434217,1.0022882740454773
14.351075537768883,0.9995573009222064
14.364782391195597,0.9987783955168177
14.37848924462231,0.9988627726260954
14.392196098049023,1.0004890916903248
14.405902951475737,0.9991751564728372
14.41960980490245,1.0015483107590542
14.433316658329163,0.9994385397289449
14.447023511755877,0.9998470962148648
14.46073036518259,1.0005224066645833
14.474437218609303,1.000767484776647
14.488144072036016,0.9986625791488045
14.50185092546273,1.0009984073034097
14.515557778889443,0.9993773457466423
14.529264632316156,1.0006790813933673
14.54297148574287,0.9976778425997874
14.556678339169583,0.9994344063034424
14.570385192596296,0.9977451373125585
14.58409204602301,0.9996235888099083
14.597798899449723,0.9984791619178487
14.611505752876436,0.9985811209313454
14.62521260630315,0.9999739916487864
14.638919459729864,1.0001135243210661
14.652626313156578,0.9977996277590828
14.666333166583291,0.9987523371828125
14.680040020010004,0.9985091479949696
14.693746873436718,0.9982631862149743
14.70745372686343,0.9794442945067445
14.721160580290144,0.9734102726834372
14.734867433716857,0.9729403284356795
14.74857428714357,0.9717737723868463
14.762281140570284,0.9720101335861018
14.775987993996997,0.9729048608862334
14.78969484742371,0.9711516228284611
14.803401700850424,0.9718795871222445
14.817108554277137,0.9837728773031486
14.83081540770385,0.9994061652332175
14.844522261130564,0.999655243018534
14.858229114557277,1.0014544353631636
14.87193596798399,1.0004143752536658
14.885642821410704,1.000965844129863
14.899349674837417,0.9993672139987627
14.91305652826413,1.001569316643852
14.926763381690844,0.9995912664647723
14.940470235117557,0.9999450506520847
14.95417708854427,1.0003988547501568
14.967883941970983,1.0025896206386626
14.981590795397697,1.0006915510922594
14.99529764882441,1.0007421886651091
15.009004502251123,1.0020635714393131
15.022711355677837,0.9993090905440737
15.03641820910455,1.0009784151467782
15.050125062531265,1.0022548409884071
15.063831915957978,1.0011515261036577
15.077538769384692,0.9987297360557384
15.091245622811405,0.9991307909627302
15.104952476238118,0.9995000328470447
15.118659329664832,0.9991511385295891
15.132366183091545,1.000670298820597
15.146073036518258,1.0004347039825294
15.159779889944971,1.001776172460183
15.173486743371685,0.997256364632961
15.187193596798398,1.00116174677134
15.200900450225111,0.9990404712098022
15.214607303651825,1.000126643021708
15.228314157078538,0.9990507532505074
15.242021010505251,1.0012690901839338
15.255727863931964,0.9979218724955579
15.269434717358678,1.0006654170141016
15.283141570785391,1.0029285379123005
15.296848424212104,0.9999017545429234
15.310555277638818,0.9996775089058014
15.324262131065531,1.0014253155753636
15.337968984492244,0.9997892427256937
15.351675837918958,0.9978909196530206
15.36538269134567,1.0004632087792744
15.379089544772384,1.0001744931198693
15.392796398199097,0.9999943770949248
15.40650325162581,0.9986072053554651
15.420210105052524,1.0012799267835877
15.433916958479237,0.9976029994136891
15.447623811905952,0.9990287378443876
15.461330665332666,1.0009316513367867
15.475037518759379,0.9979454597792717
15.488744372186092,0.9991810813827374
15.502451225612806,1.0020609350022345
15.516158079039519,1.0002377323166978
15.529864932466232,0.9980556549455639
15.543571785892945,1.000144321985868
15.557278639319659,0.9998805223131892
15.570985492746372,1.0000547379439224
15.584692346173085,1.0013148901669722
15.598399199599799,1.000164657810302
15.612106053026512,0.9991150110512798
15.625812906453225,0.9997343241733038
15.639519759879938,1.0005130150517814
15.653226613306652,1.0000011132050803
15.666933466733365,0.999495081338137
15.680640320160078,1.0015922678096494
15.694347173586792,0.9967494179511702
15.708054027013505,0.9993608377337849
15.721760880440218,0.9985731736196684
15.735467733866932,0.9979068768804374
15.749174587293645,1.0000577700168516
15.762881440720358,0.9973075604324546
15.776588294147071,1.0010035196030704
15.790295147573785,0.9992362697319759
15.804002001000498,1.0000026637946142
15.817708854427211,1.0001373821522284
15.831415707853925,0.9987797897418141
15.84512256128064,1.0005567842466898
15.858829414707353,1.0015249550655605
15.872536268134066,1.0002112184447782
15.88624312156078,0.9983325788043971
15.899949974987493,1.003164150349777
15.913656828414206,1.0009235626893274
15.92736368184092,0.9993906522837723
15.941070535267633,1.0002301743994153
15.954777388694346,0.9993481579463936
15.96848424212106,0.9996638035376062
15.982191095547773,1.0003871235262067
15.995897948974486,1.0008053210596433
16.0096048024012,0.9989043121276169
16.02331165582791,1.0009131713434016
16.037018509254626,0.9988491981486829
16.05072536268134,0.9973173768885375
16.064432216108052,0.9985467344323462
16.078139069534767,1.0013805988146414
16.09184592296148,0.9991637846580731
16.105552776388194,0.9996166425649097
16.119259629814906,1.0002474749957648
16.13296648324162,1.0003750750424887
16.146673336668332,1.0010659889384337
16.160380190095047,0.9985737917408214
16.17408704352176,1.0022208692981773
16.187793896948474,0.9993842882747295
16.201500750375185,1.00250792243505
16.2152076038019,0.9997600602022036
16.228914457228612,0.9987125826437544
16.242621310655327,1.0021054753608902
16.25632816408204,0.9995131688372165
16.270035017508754,0.9974849851789653
16.283741870935465,1.0008760576194264
16.29744872436218,1.0004541221993497
16.31115557778889,1.0002798319252906
16.324862431215607,1.0035186205998903
16.33856928464232,1.0005946465695195
16.352276138069033,0.9999519560723334
16.365982991495745,0.9992372193114228
16.37968984492246,1.0009950193519581
16.39339669834917,1.0014008830726997
16.407103551775887,1.0033920370193183
16.420810405202598,0.9947393928766277
16.434517258629313,0.9701050058265432
16.448224112056028,0.9489212386939125
16.46193096548274,0.9457991303619501
16.475637818909455,0.9520084637999582
16.489344672336166,0.9503650267108763
16.50305152576288,0.9492344365232311
16.516758379189593,0.9483671144368266
16.530465232616308,0.9488664533061497
16.54417208604302,0.9488400740234609
16.557878939469735,0.9511808358029858
16.571585792896446,0.9625541550503733
16.58529264632316,0.9906118427596291
16.598999499749873,0.9975686915699757
16.612706353176588,1.0007942461023105
16.6264132066033,1.000529593184328
16.640120060030014,1.000792411977658
16.653826913456726,0.9994979537397308
16.66753376688344,0.9994923048956991
16.681240620310152,1.0000771909839357
16.694947473736867,0.9988333341486605
16.70865432716358,0.9994149762419654
16.722361180590294,1.000071349429858
16.736068034017006,0.9992529842697279
16.74977488744372,1.0005100335775599
16.763481740870432,0.9995864012721042
16.777188594297147,0.9986895037984462
16.79089544772386,1.0005378102569396
16.804602301150574,1.0008413628707689
16.818309154577285,1.0002632794252813
16.832016008004,1.0015836218643384
16.845722861430716,1.0016729099618633
16.859429714857427,0.9988671465345803
16.873136568284142,0.9992744140675235
16.886843421710854,1.0001736352694177
16.90055027513757,1.0009681333591316
16.91425712856428,0.9982858381724511
16.927963981990995,1.0016792881621897
16.941670835417707,0.9984155485251481
16.955377688844422,1.0026859405020423
16.969084542271133,0.9992027717868028
16.98279139569785,1.0017402344142763
16.99649824912456,0.9982399862700279
17.010205102551275,0.9982373839049097
17.023911955977987,0.9999997377482015
17.0376188094047,1.0006318692343878
17.051325662831413,0.9994827014408939
17.06503251625813,0.9986890596839861
17.07873936968484,0.9996898607884367
17.092446223111555,0.9980737193591913
17.106153076538266,0.9997878501575763
17.11985992996498,0.998426579197856
17.133566783391693,0.9989332621429071
17.147273636818408,1.0040169588648522
17.16098049024512,1.0006645397273064
17.174687343671835,0.9996713779477192
17.188394197098546,0.9988446146906986
17.20210105052526,0.9996893581145511
17.215807903951973,1.0005777536052352
17.229514757378688,0.9998509731761833
17.2432216108054,1.002160848653502
17.256928464232114,1.000090290491074
17.27063531765883,1.0019833669722258
17.28434217108554,0.998737446378781
17.298049024512256,0.9989430625839437
17.311755877938968,0.9990262794648916
17.325462731365683,1.0020192609367529
17.339169584792394,1.002434825591044
17.35287643821911,0.9992676887814078
17.36658329164582,1.0012232450293832
17.380290145072536,0.9989068681760829
17.393996998499247,1.0001787747494986
17.407703851925962,0.9986545239484583
17.421410705352674,0.9996715311238925
17.43511755877939,0.9982423318310734
17.4488244122061,0.9988991701423267
17.462531265632816,0.9986933681391199
17.476238119059527,0.9993828833318845
17.489944972486242,0.9994721683576513
17.503651825912954,1.001149061478063
17.51735867933967,1.0006477085471024
17.53106553276638,1.0002132771205816
17.544772386193095,1.0016950583801683
17.558479239619807,0.9991778436991277
17.572186093046522,1.0021673701080929
17.585892946473233,1.000872235899948
17.59959979989995,0.9987981589972723
17.61330665332666,0.9983810029328068
17.627013506753375,1.0011757358024451
17.640720360180087,1.000121042825411
17.6544272136068,1.0029137806551014
17.668134067033517,1.0011218945940519
17.68184092046023,0.9999861094414786
17.695547773886943,0.9991216713457907
17.709254627313655,0.9984264356320443
17.72296148074037,0.9995574418723686
17.73666833416708,1.0010284896566684
17.750375187593797,1.000859586790194
17.764082041020508,1.002301980107185
17.777788894447223,0.9996149688209787
17.791495747873935,1.0001560268263838
17.80520260130065,0.9981197318804239
17.81890945472736,1.000661213017886
17.832616308154076,0.9975761981443491
17.846323161580788,0.9975507399355129
17.860030015007503,0.9992580615300203
17.873736868434214,0.9992268626338391
17.88744372186093,1.000950659532717
17.90115057528764,0.9996352956833974
17.914857428714356,0.9994600167674311
17.928564282141068,1.0023717193500867
17.942271135567783,0.9983788301023596
17.955977988994494,1.0027699542390518
17.96968484242121,0.9978578543352046
17.98339169584792,0.9986752394743166
17.997098549274636,1.00018871688432
18.010805402701347,1.001864947843338
18.024512256128062,1.0003550268268924
18.038219109554774,1.0014893872287696
18.05192596298149,1.000615406031591
18.065632816408204,1.0012960470477839
18.079339669834916,1.000334052317316
18.09304652326163,1.0016740887931603
18.106753376688342,0.9997463548648556
18.120460230115057,0.9992361576549349
18.13416708354177,1.0006994466854378
18.147873936968484,1.001996893989253
18.161580790395195,0.999434584966486
18.17528764382191,1.0008967988824464
18.188994497248622,0.987336164757664
18.202701350675337,0.9717786763971406
18.21640820410205,0.973690076327605
18.230115057528764,0.9723932294155866
18.243821910955475,0.9722097371094871
18.25752876438219,0.972411004717917
18.2712356178089,0.9714870369082694
18.284942471235617,0.9711054934687885
18.29864932466233,0.9784490640208225
18.312356178089043,0.9952377316535467
18.326063031515755,0.9993684283572809
18.33976988494247,0.9996461500570835
18.35347673836918,1.0006859158419537
18.367183591795897,1.001836879468574
18.380890445222608,1.002944487802823
18.394597298649323,0.999093601768335
18.408304152076035,0.9991693702658555
18.42201100550275,0.9986325465254378
18.43571785892946,0.9978594033669644
18.449424712356176,0.9992241881026985
18.46313156578289,1.0005479415524443
18.476838419209603,1.0003990921329038
18.490545272636318,0.9991429256070796
18.50425212606303,1.001520609664189
18.517958979489745,1.0002684029370559
18.531665832916456,1.0004998101364908
18.54537268634317,1.0012401309393744
18.559079539769883,0.999383767040146
18.572786393196598,0.9983275512486027
18.58649324662331,1.0003110996281361
18.600200100050024,0.9980105011580058
18.613906953476736,1.001193487258669
18.62761380690345,0.9994106904563826
18.641320660330162,1.0011281178389826
18.655027513756878,1.0027795994935491
18.66873436718359,1.000735824285356
18.682441220610304,1.0023454410696286
18.696148074037016,0.9996061537584094
18.70985492746373,1.0002259032847707
18.723561780890442,0.9995916766704308
18.737268634317157,1.0004514767085784
18.75097548774387,0.9993892757491385
18.764682341170584,1.0007737445150386
18.778389194597295,0.9985922225259243
18.79209604802401,1.0001186423834127
18.805802901450722,0.998547117920703
18.819509754877437,1.0006142409178227
18.83321660830415,0.9998381571685282
18.846923461730864,0.9997014233561593
18.86063031515758,1.0003696911771813
18.87433716858429,1.00165886371325
18.888044022011005,1.000025602324079
18.901750875437717,0.9983079299435534
18.915457728864432,1.0006862036306121
18.929164582291143,1.001426438592155
18.94287143571786,0.999940638262802
18.95657828914457,0.9986102570600712
18.970285142571285,1.0004291783758343
18.983991995997997,1.000611709626612
18.99769884942471,0.9994914347836107
19.011405702851423,0.9987368042665098
19.02511255627814,0.9997866804106268
19.03881940970485,0.9974686948069846
19.052526263131565,0.999917041965956
19.066233116558276,1.0002841488586474
19.07993996998499,0.9986341309897752
19.093646823411703,0.9990688980763598
19.107353676838418,1.002220998509545
19.12106053026513,0.9998490927934603
19.134767383691845,0.9999417037324589
19.148474237118556,1.0020338225891863
19.16218109054527,0.998048468657626
19.175887943971983,0.9978236729647774
19.189594797398698,0.9971165983898981
19.20330165082541,0.9976424404428059
19.217008504252124,1.0003444856416694
19.230715357678836,1.003807345892393
19.24442221110555,1.0002793748792111
19.258129064532266,0.999930268461372
19.271835917958978,1.0002435518379278
19.285542771385693,1.0007813242454364
19.299249624812404,1.0002994659135023
19.31295647823912,0.999553355951818
19.32666333166583,0.9986307186166284
19.340370185092546,0.9986083131935667
19.354077038519257,1.0000092856191962
19.367783891945972,0.999861762267316
19.381490745372684,1.001023490280857
19.3951975987994,1.0014366818360383
19.40890445222611,0.9987730872643734
19.422611305652826,1.0023512962310044
19.436318159079537,1.0007413592118748
19.450025012506252,1.0008247684879226
19.463731865932964,1.000539776777841
19.47743871935968,0.9991214228948657
19.49114557278639,0.9982436783748424
19.504852426213105,0.9984809337364557
19.518559279639817,1.0004897574846776
19.532266133066532,0.9996605433950498
19.545972986493243,1.0001017769379394
19.55967983991996,0.9985461111579192
19.57338669334667,1.0009202452193044
19.587093546773385,0.9986805279951851
19.600800400200097,1.0000632046184068
19.61450725362681,0.9993151831817187
19.628214107053523,0.9986224933406899
19.64192096048024,1.000713087066777
19.655627813906953,0.9996710819990087
19.669334667333665,1.0003119473011195
19.68304152076038,1.0007227330740966
19.69674837418709,0.9994352271669907
19.710455227613807,0.99798977868469
19.724162081040518,1.0001160093730337
19.737868934467233,1.0003595897742796
19.751575787893945,0.9989655751786866
19.76528264132066,0.9989900888918948
19.77898949474737,1.0003822028049858
19.792696348174086,0.998093980760926
19.806403201600798,0.9984920952952252
19.820110055027513,1.002246600438601
19.833816908454224,0.9997702043037758
19.84752376188094,0.9986436937871743
19.86123061530765,1.0006752545913595
19.874937468734366,1.0006390486959547
19.888644322161078,1.0008024945347687
19.902351175587793,0.999464797818363
19.916058029014504,0.9805405764281004
19.92976488244122,0.9529863017418522
19.94347173586793,0.9484976759183772
19.957178589294646,0.9480761025410723
19.970885442721357,0.949843914426636
19.984592296148072,0.9497957767950955
19.998299149574784,0.9497106645681958
20.0120060030015,0.9492207280496051
20.02571285642821,0.9477409243781184
20.039419709854926,0.9502103167964391
20.05312656328164,0.9524150527390206
20.066833416708352,0.9773881539635101
20.080540270135067,0.9996731242279178
20.09424712356178,0.9975381851455609
20.107953976988494,0.9976269831018572
20.121660830415205,0.9968046264601236
20.13536768384192,0.9993690232624765
20.149074537268632,0.9987430125602684
20.162781390695347,1.0017683959216857
20.17648824412206,0.9982209927843961
20.190195097548774,1.0010708519526186
20.203901950975485,0.9986597619033836
20.2176088044022,0.9987155162843953
20.23131565782891,0.9997560179398055
20.245022511255627,1.0011224689507827
20.25872936468234,0.9991134737638772
20.272436218109053,1.0002784730716519
20.286143071535765,0.9992004703070939
20.29984992496248,1.0009372674403099
20.31355677838919,1.0006171478838137
20.327263631815907,0.9989571519265618
20.340970485242618,1.0011077200969167
20.354677338669333,1.0012278629669682
20.368384192096045,0.9990763934730912
20.38209104552276,1.0012966147684474
20.39579789894947,0.9978908693207619
20.409504752376186,0.9998356427944669
20.423211605802898,1.0000757579702677
20.436918459229613,0.9990683708816677
20.450625312656324,1.0008273801378327
20.46433216608304,0.9976785266797977
20.478039019509755,1.000416600195541
20.491745872936466,0.9989102479746513
20.50545272636318,1.0006938436382313
20.519159579789893,0.9991838958357887
20.532866433216608,0.9980515691542794
20.54657328664332,1.0018624250650723
20.560280140070034,1.0009031218696767
20.573986993496746,1.0004066753419585
20.58769384692346,0.9986916547794914
20.601400700350172,1.0004129021902741
20.615107553776888,0.9993816824357258
20.6288144072036,1.0006638147272766
20.642521260630314,0.9973739275717229
20.656228114057026,1.0014618832470452
20.66993496748374,1.0000529150738364
20.683641820910452,0.9979093276923677
20.697348674337167,1.0027004909331836
20.71105552776388,1.0001646812362714
20.724762381190594,1.0035524549694028
20.738469234617305,0.9964224027285528
20.75217608804402,0.9983448937815104
20.765882941470732,1.0002961532841468
20.779589794897447,1.0027434107605482
20.79329664832416,0.9999116443350956
20.807003501750874,0.998182746482599
20.820710355177585,0.9986259249824452
20.8344172086043,1.001995571769628
20.84812406203101,0.9989034492799714
20.861830915457727,1.0013679864505534
20.875537768884442,1.0016332761681852
20.889244622311153,1.0007455469380448
20.90295147573787,1.0009517432152435
20.91665832916458,1.00049131230202
20.930365182591295,1.001558731759613
20.944072036018007,1.0000402442126537
20.95777888944472,0.9996594879970124
20.971485742871433,1.0006669302296314
20.98519259629815,1.0015047901485061
20.99889944972486,1.00117190665596
21.012606303151575,1.0013364037734829
21.026313156578286,1.0012051208721517
21.040020010005,1.0007304484573933
21.053726863431713,0.9991152518635465
21.067433716858428,1.0011402191761005
21.08114057028514,1.0009785829714175
21.094847423711855,1.000674257052586
21.108554277138566,1.0005468864628688
21.12226113056528,1.0024139351159063
21.135967983991993,0.9998970357909429
21.149674837418708,1.0013236441874378
21.16338169084542,1.0014683708331433
21.177088544272134,0.9983056379533827
21.190795397698846,1.0022105557090522
21.20450225112556,1.0011404121171508
21.218209104552272,0.9986946552475068
21.231915957978988,0.9998118174435463
21.2456228114057,1.0014900724402591
21.259329664832414,0.9967601332056506
21.27303651825913,1.0000531674177526
21.28674337168584,0.9997247393753421
21.300450225112556,0.9985286454050334
21.314157078539267,1.002450259615412
21.327863931965982,1.001145652303313
21.341570785392694,1.0016314597559124
21.35527763881941,0.9996172281854361
21.36898449224612,1.0008936254259033
21.382691345672836,0.9994598221597777
21.396398199099547,0.9978716216218126
21.410105052526262,0.9996931537707912
21.423811905952974,0.9976324315553043
21.43751875937969,1.0015794636965896
21.4512256128064,0.9995428976444206
21.464932466233115,0.9997410892678954
21.478639319659827,1.001989595302515
21.492346173086542,0.9996212053380329
21.506053026513253,1.0014619409835277
21.51975987993997,1.0020164642657494
21.53346673336668,1.001846888094842
21.547173586793395,1.0004371486725638
21.560880440220107,1.0008355743944914
21.57458729364682,1.0001740886327544
21.588294147073533,0.9978035733018087
21.60200100050025,1.0009430189428274
21.61570785392696,0.999102348876837
21.629414707353675,1.0000782981565877
21.643121560780386,1.0006867349905222
21.6568284142071,0.9984352431739746
21.670535267633817,0.9936976163176593
21.684242121060528,0.9766692124024322
21.697948974487243,0.9751010366499705
21.711655827913955,0.97254798201372
21.72536268134067,0.9711855466427264
21.73906953476738,0.9720277440754185
21.752776388194096,0.971873519129599
21.766483241620808,0.9717176223608357
21.780190095047523,0.970568677567067
21.793896948474234,0.9859478248799364
21.80760380190095,0.999437680055345
21.82131065532766,0.9999300261560777
21.835017508754376,1.0000697288171052
21.848724362181088,1.0024318714638172
21.862431215607803,1.0001683662686793
21.876138069034514,1.0001066064545627
21.88984492246123,0.9990134680709671
21.90355177588794,0.9998913097620212
21.917258629314656,1.0012190747674847
21.930965482741367,0.9997701028615643
21.944672336168082,1.0005185743787084
21.958379189594794,0.999816422727634
21.97208604302151,1.0029719935296613
21.98579289644822,0.9980372354373545
21.999499749874936,1.002345519145999
22.013206603301647,0.999534475535299
22.026913456728362,0.9992267776677424
22.040620310155074,1.0003146930228402
22.05432716358179,1.0023322827619832
22.068034017008504,0.9980397946441633
22.081740870435215,1.0026008978527916
22.09544772386193,0.9996061724168104
22.109154577288642,1.001065614316093
22.122861430715357,0.9993524550645249
22.13656828414207,0.9982314396555865
22.150275137568784,0.9997903362524032
22.163981990995495,0.9991579119136614
22.17768884442221,0.9978953322527516
22.19139569784892,1.0014531312115638
22.205102551275637,0.9989630133265947
22.21880940470235,0.9989137654836976
22.232516258129063,1.0022521128012802
22.246223111555775,1.000121762509319
22.25992996498249,1.0018558499044325
22.2736368184092,1.001432760538466
22.287343671835917,1.0022757473194446
22.301050525262628,1.0008815119637795
22.314757378689343,0.9990380888041318
22.328464232116055,1.0012266393554767
22.34217108554277,1.0003583938502603
22.35587793896948,0.9981545578250355
22.369584792396196,0.9995977731150485
22.383291645822908,0.9985064128555493
22.396998499249623,0.998687234944992
22.410705352676334,1.0003618541710597
22.42441220610305,1.0014723752115204
22.43811905952976,0.9992512628649954
22.451825912956476,1.000243428587572
22.46553276638319,1.0001152092908552
22.479239619809903,1.0007737812510522
22.492946473236618,1.000254061375652
22.50665332666333,0.9997197099651697
22.520360180090044,1.0016801094196637
22.534067033516756,1.0010367821376733
22.54777388694347,0.9993364147300577
22.561480740370182,0.9996251650197201
22.575187593796898,0.9981960370482362
22.58889444722361,0.999449547603477
22.602601300650324,1.0005734362246907
22.616308154077036,1.0009005533250925
22.63001500750375,0.9991367838828483
22.643721860930462,1.0007799815522505
22.657428714357177,0.9992511763321308
22.67113556778389,0.9991094993209914
22.684842421210604,1.001071848529177
22.698549274637315,0.9992005922545037
22.71225612806403,0.9980621751628854
22.725962981490742,0.9994334282903204
22.739669834917457,0.999200449804795
22.75337668834417,1.0008959493324956
22.767083541770884,1.0022640922223023
22.780790395197595,0.9986468776605275
22.79449724862431,1.0017659367374092
22.808204102051022,1.0019616345997435
22.821910955477737,0.9982709984967323
22.83561780890445,0.9988439742996329
22.849324662331163,1.0008219753602974
22.86303151575788,0.9985978929728891
22.87673836918459,0.9985512847175599
22.890445222611305,1.0008327163951636
22.904152076038017,1.002897434292837
22.91785892946473,1.0014096293577548
22.931565782891443,1.0010585805130534
22.94527263631816,1.0001983709308269
22.95897948974487,0.9998849044058633
22.972686343171585,1.0023791833092641
22.986393196598296,0.9996090119952787
23.00010005002501,1.0004848763079996
23.013806903451723,1.0003156332249408
23.027513756878438,0.9987283750678055
23.04122061030515,1.0002480579677666
23.054927463731865,0.9994635157860805
23.068634317158576,1.0000354118903476
23.08234117058529,1.001607037449667
23.096048024012003,1.0002204908048806
23.109754877438718,1.0023013143239392
23.12346173086543,0.9999715423592297
23.137168584292144,0.9984755435637478
23.150875437718856,0.9974087170682253
23.16458229114557,1.0019493699478266
23.178289144572283,0.9993465953996282
23.191995997998998,0.9985273749956893
23.20570285142571,0.9997333924074552
23.219409704852424,0.9980420647291613
23.233116558279136,1.0017009935464691
23.24682341170585,1.0001624393121893
23.260530265132566,1.0017276344621817
23.274237118559277,1.0019166190809237
23.287943971985992,1.0000147079963388
23.301650825412704,1.0011576809425577
23.31535767883942,1.0014808479670443
23.32906453226613,0.9988848216163044
23.342771385692846,0.9984434503782628
23.356478239119557,1.0023881725563655
23.370185092546272,0.9975056058126233
23.383891945972984,1.0007929870709569
23.3975987993997,0.9915566042475613
23.41130565282641,0.9624866655574044
23.425012506253125,0.949232872719807
23.438719359679837,0.9492157796148726
23.452426213106552,0.9469104795726433
23.466133066533263,0.948615123415721
23.47983991995998,0.949849650784092
23.49354677338669,0.9510520750561372
23.507253626813405,0.9481115237917245
23.520960480240117,0.9514241807024693
23.53466733366683,0.9483778643390881
23.548374187093543,0.970570289182304
23.56208104052026,0.9981854688654421
23.57578789394697,1.0026012145903225
23.589494747373685,1.0007209262431542
23.603201600800396,0.9977749302324931
23.61690845422711,0.9979028276310902
23.630615307653823,1.0011804540536449
23.644322161080538,1.0005286041604886
23.65802901450725,1.0008639413118698
23.671735867933965,1.0013003516950052
23.68544272136068,1.0016744165589977
23.69914957478739,1.0013638408105014
23.712856428214106,0.9973800674588599
23.726563281640818,1.0000166714815224
23.740270135067533,1.000824153588026
23.753976988494244,0.9997930716480402
23.76768384192096,0.9990224858672766
23.78139069534767,0.9984947667052589
23.795097548774386,1.0005829151652739
23.808804402201098,1.0009268883081854
23.822511255627813,1.000315371739071
23.836218109054524,0.9982281381395984
23.84992496248124,1.0014664921888314
23.86363181590795,1.0006982053435638
23.877338669334666,0.999621106413128
23.891045522761377,1.0003953760936035
23.904752376188092,1.0002040439325874
23.918459229614804,1.0009138819173817
23.93216608304152,1.0009440942725165
23.94587293646823,1.0010942532032563
23.959579789894946,1.0021441825959598
23.973286643321657,1.000045090888154
23.986993496748372,1.0028056202319302
24.000700350175084,0.9991926600385518
24.0144072036018,0.9994075497784524
24.02811405702851,0.9988714254155676
24.041820910455225,1.0014674016937013
24.055527763881937,0.998605244864466
24.069234617308652,1.001923137697418
24.082941470735367,1.0014087557649265
24.09664832416208,1.0020427973562056
24.110355177588794,0.9996152500619172
24.124062031015505,0.9993078730270416
24.13776888444222,1.0012030180572267
24.15147573786893,0.998302025376997
24.165182591295647,0.9997637890013226
24.17888944472236,0.9999966915012285
24.192596298149073,1.0001323578185268
24.206303151575785,1.0000404488774244
24.2200100050025,1.0010946171764736
24.23371685842921,0.9995393990297925
24.247423711855927,1.0012197169823702
24.261130565282638,0.9998861361862597
24.274837418709353,1.002132516803846
24.288544272136065,1.0009278350045863
24.30225112556278,1.0009494504350385
24.31595797898949,0.9990479786066793
24.329664832416206,0.9985968214973856
24.343371685842918,1.000388510046437
24.357078539269633,0.9987277824984163
24.370785392696344,1.0021535741210288
24.38449224612306,0.9994985172581673
24.39819909954977,1.0007599079175844
24.411905952976486,1.0008328586138775
24.425612806403198,0.99896447248848
24.439319659829913,0.9997176403597443
24.453026513256624,0.9991504152434196
24.46673336668334,0.9986457340750818
24.480440220110054,1.000950533350037
24.494147073536766,0.9988333844843805
24.50785392696348,1.0008076993014947
24.521560780390192,1.0000635786537497
24.535267633816908,0.9983741791660375
24.54897448724362,0.9996669600238332
24.562681340670334,0.9992983635306744
24.576388194097046,1.0015846935142712
24.59009504752376,0.997769462743522
24.603801900950472,1.0009470603254713
24.617508754377187,0.9992428969925435
24.6312156078039,0.9988930278320736
24.644922461230614,0.9996640246254387
24.658629314657325,1.001446933314316
24.67233616808404,0.9979162419213067
24.686043021510752,1.0021436163371567
24.699749874937467,0.9975239392054218
24.71345672836418,0.9984510636994579
24.727163581790894,0.9979132451279187
24.740870435217605,0.9987255616616447
24.75457728864432,0.9980892867591395
24.768284142071032,0.9984621360256526
24.781990995497747,1.0013306313747203
24.79569784892446,1.001933643496228
24.809404702351173,1.001543516164829
24.823111555777885,0.9997776304372202
24.8368184092046,0.9994871161609291
24.85052526263131,1.0009375028296985
24.864232116058027,1.0012781002534685
24.87793896948474,1.001433205595641
24.891645822911453,0.9983657397030885
24.90535267633817,1.0000576313278373
24.91905952976488,0.9982698764422504
24.932766383191595,1.0010604869807365
24.946473236618306,0.9988998532106059
24.96018009004502,0.998590393037231
24.973886943471733,0.9974469132078884
24.987593796898448,1.0006305419828228
25.00130065032516,1.000978863795166
25.015007503751875,1.0017124327142328
25.028714357178586,0.9990885518106811
25.0424212106053,1.0005776228964534
25.056128064032013,1.0007117719609342
25.069834917458728,1.0025478518868705
25.08354177088544,0.9999593510233215
25.097248624312154,1.003440950138675
25.110955477738866,1.0017039082666268
25.12466233116558,0.9992598352712799
25.138369184592293,1.0008063190853334
25.152076038019008,0.9985069426566703
25.16578289144572,0.9846551503341686
25.179489744872434,0.9733239899041658
25.193196598299146,0.973326895957014
25.20690345172586,0.9724222907931908
25.220610305152572,0.970950271404037
25.234317158579287,0.974890021068916
25.248024012006,0.9753010459905919
25.261730865432714,0.9713457782275227
25.27543771885943,0.97980495370377
25.28914457228614,0.9987235678215175
25.302851425712856,0.9993337383975794
25.316558279139567,0.9983730346701043
25.330265132566282,1.0024589143111793
25.343971985992994,1.0000833866268861
25.35767883941971,0.9983592729419742
25.37138569284642,1.0000239264508437
25.385092546273135,1.001883788974875
25.398799399699847,1.0011645969325023
25.412506253126562,1.0002906676981431
25.426213106553273,1.000153020315199
25.43991995997999,1.0013315070364668
25.4536268134067,1.0007047999041305
25.467333666833415,1.0029669967471542
25.481040520260127,0.9993677491138785
25.49474737368684,0.996942425100851
25.508454227113553,1.000768874148164
25.52216108054027,1.0008138983867803
25.53586793396698,0.9996260877021381
25.549574787393695,1.0007838249079297
25.563281640820406,0.9997761694873897
25.57698849424712,0.9988058127611085
25.590695347673833,1.000530832079279
25.604402201100548,1.0004846986213987
25.61810905452726,0.9985086802274801
25.631815907953975,0.9985454755956182
25.645522761380686,1.0006343525603691
25.6592296148074,1.0010653032038128
25.672936468234116,0.9985106962118412
25.686643321660828,1.0010340661700272
25.700350175087543,0.9975457934708529
25.714057028514254,0.9999719172175807
25.72776388194097,1.0014796870400067
25.74147073536768,1.0019471074713702
25.755177588794396,1.0010060658944488
25.768884442221108,0.9982543373433475
25.782591295647823,0.9977262289408633
25.796298149074534,0.9998610234795058
25.81000500250125,1.0001100234862152
25.82371185592796,1.000100495294647
25.837418709354676,1.0016321713380016
25.851125562781387,1.0008599231086268
25.864832416208102,0.9999224261797195
25.878539269634814,1.0014652223548548
25.89224612306153,1.001338147853301
25.90595297648824,1.0012876805967736
25.919659829914956,0.9998462460234954
25.933366683341667,0.9973631486208364
25.947073536768382,1.0021320015729283
25.960780390195094,0.9994031415844729
25.97448724362181,0.9995562038327732
25.98819409704852,1.0000770082899628
26.001900950475235,1.0010142989411952
26.015607803901947,0.9994157403898244
26.029314657328662,1.001002619251805
26.043021510755374,1.0000210153647697
26.05672836418209,0.9999538845559847
26.070435217608804,1.0021844608320032
26.084142071035515,1.000673689255985
26.09784892446223,0.9992321941437534
26.11155577788894,0.9995578107631173
26.125262631315657,1.0014368772932247
26.13896948474237,1.0001733970628273
26.152676338169083,1.0010295811463013
26.166383191595795,1.0003827233480873
26.18009004502251,1.0004658041076253
26.19379689844922,0.9992091559848042
26.207503751875937,0.9999146110446528
26.221210605302648,1.0000833147228283
26.234917458729363,0.9998253828036284
26.248624312156075,1.000802703159894
26.26233116558279,0.9987957057032744
26.2760380190095,0.9988733521705088
26.289744872436216,0.9990211995566541
26.303451725862928,1.0004786783760231
26.317158579289643,0.9984344364511201
26.330865432716354,1.0017892792174787
26.34457228614307,1.001131673452205
26.35827913956978,1.0013929205097445
26.371985992996496,1.000908946368437
26.385692846423208,1.0003929173598216
26.399399699849923,0.9985293644925783
26.413106553276634,0.9954516770684472
26.42681340670335,0.9996662431384032
26.44052026013006,1.0009058823052759
26.454227113556776,1.0005938582324545
26.46793396698349,0.9997499473561179
26.481640820410203,0.9988684362360648
26.495347673836918,0.9988072864776911
26.50905452726363,0.9992389844345114
26.522761380690344,0.9998804932455115
26.536468234117056,0.9989634854993651
26.55017508754377,0.9996025136103022
26.563881940970482,0.9990011614955503
26.577588794397197,0.9995702040591903
26.59129564782391,1.0001697884141356
26.605002501250624,1.003172488979899
26.618709354677335,1.0009833180446441
26.63241620810405,0.9979523657779913
26.646123061530762,0.9998794081037169
26.659829914957477,0.9992243708730507
26.67353676838419,1.0004162674266246
26.687243621810904,1.00191238909866
26.700950475237615,1.000896786114389
26.71465732866433,0.9986848196439994
26.728364182091042,0.9997257774598046
26.742071035517757,1.0005421629558815
26.75577788894447,1.0008102462792687
26.769484742371183,0.9998024837902403
26.783191595797895,0.999742375692465
26.79689844922461,1.000129857072896
26.81060530265132,1.0009655980750614
26.824312156078037,1.0000231950677099
26.838019009504748,1.000697182456018
26.851725862931463,0.9995128838309664
26.865432716358175,1.0005783185205148
26.87913956978489,1.0001829030513287
26.892846423211605,0.9740507580251695
26.906553276638316,0.9463168143516458
26.92026013006503,0.9474638971318764
26.933966983491743,0.9496112712102698
26.947673836918458,0.9513310659867776
26.96138069034517,0.948450600644421
26.975087543771885,0.9471529718303208
26.988794397198596,0.9485712818924811
27.00250125062531,0.9495921132909688
27.016208104052023,0.9475095931153714
27.029914957478738,0.9591776250757664
27.04362181090545,0.9852888738776201
27.057328664332164,0.9991703313391106
27.071035517758876,0.9990324767236803
27.08474237118559,1.0011929884821216
27.098449224612303,0.9993038546928389
27.112156078039018,1.0011661850036269
27.12586293146573,0.9998169056468447
27.139569784892444,1.0001952795053948
27.153276638319156,1.00042345235568
27.16698349174587,0.9987616261716439
27.180690345172582,1.0006147711175684
27.194397198599297,0.9999011885376365
27.20810405202601,1.0000120721676682
27.221810905452724,1.0002289855825484
27.235517758879435,1.001754499863051
27.24922461230615,1.000393895942949
27.262931465732862,0.9994994746555577
27.276638319159577,1.0035048934795687
27.290345172586292,1.0014686748606758
27.304052026013004,0.9989935466835753
27.31775887943972,0.9984989077725421
27.33146573286643,0.9990170461607565
27.345172586293145,1.001745738121565
27.358879439719857,0.9995994357358473
27.372586293146572,1.0012312273026454
27.386293146573284,0.999223300537485
27.4,1.0013789252260155
