time,flux
0.0,1.0020839468300522
0.013706853426713355,1.000280995472416
0.02741370685342671,0.9999978752886753
0.041120560280140064,0.9995114998829906
0.05482741370685342,1.0013102551883806
0.06853426713356678,1.0011479714531266
0.08224112056028013,0.9994268304732259
0.09594797398699349,1.001531572257462
0.10965482741370684,0.9968013295279713
0.1233616808404202,0.9998148390632189
0.13706853426713356,0.9990993351899182
0.1507753876938469,1.0012419833540038
0.16448224112056026,0.9988225958890079
0.1781890945472736,1.0020420727074248
0.19189594797398699,1.0001007751909097
0.20560280140070034,0.9981704286004471
0.21930965482741369,1.0018966958190425
0.23301650825412704,1.0000393254535473
0.2467233616808404,1.0007480377819247
0.26043021510755376,1.0016269051771387
0.2741370685342671,0.9997972147755584
0.28784392196098046,1.0002280431167325
0.3015507753876938,1.0031376915034946
0.31525762881440716,1.0033022388270474
0.3289644822411205,1.0000325275922326
0.34267133566783387,1.0016159153601323
0.3563781890945472,1.0010258106813466
0.3700850425212606,0.9991699566741464
0.38379189594797397,1.0017709755607513
0.3974987493746873,1.0022080079562026
0.41120560280140067,0.9996581901242904
0.424912456228114,0.9996725235997642
0.43861930965482737,0.997860401276126
0.4523261630815407,1.0000255682385348
0.46603301650825407,1.001013038949537
0.4797398699349674,0.99957594742949
0.4934467233616808,0.9999023743673616
0.5071535767883941,0.9980714197745459
0.5208604302151075,1.0012573711685417
0.5345672836418208,1.0012526559143566
0.5482741370685342,0.9967273614572997
0.5619809904952475,0.9998422670124578
0.5756878439219609,1.0003549834115055
0.5893946973486743,0.9993694302373238
0.6031015507753876,1.0003754371808842
0.616808404202101,1.0023686417725102
0.6305152576288143,0.9995172324466166
0.6442221110555277,1.0022375200170137
0.657928964482241,0.9979044734930336
0.6716358179089544,0.998925261748238
0.6853426713356677,0.9999005905869127
0.6990495247623811,1.0006127821190618
0.7127563781890944,0.9994662521882804
0.7264632316158078,1.0020684270193185
0.7401700850425212,1.0024146598681696
0.7538769384692345,1.0026365919619202
0.7675837918959479,1.0014013410573697
0.7812906453226612,0.9998544948520375
0.7949974987493746,0.9996793680160952
0.8087043521760879,0.9993447853915809
0.8224112056028013,0.9997269598925097
0.8361180590295146,1.0009936532720822
0.849824912456228,0.9994901687910435
0.8635317658829413,1.0000050816156147
0.8772386193096547,0.9999705690842042
0.8909454727363681,0.9994584919844771
0.9046523261630814,1.000715731725884
0.9183591795897948,1.0006449717549688
0.9320660330165081,1.0036647936184597
0.9457728864432215,0.9989901771957758
0.9594797398699348,1.0021918729724641
0.9731865932966483,1.0005214723115108
0.9868934467233615,1.0010516762789574
1.000600300150075,1.0008032951155177
1.0143071535767882,1.0009090134890617
1.0280140070035018,1.0013078062458864
1.041720860430215,1.0010499258589098
1.0554277138569284,0.9984863100593736
1.0691345672836416,0.996713361081252
1.0828414207103552,0.999520283317354
1.0965482741370685,0.9999279216952452
1.1102551275637818,1.000550989897955
1.123961980990495,0.9988629250522115
1.1376688344172086,1.0011476553842629
1.1513756878439219,1.0009831689519404
1.1650825412706352,1.0024576714256057
1.1787893946973487,0.9982572815923115
1.192496248124062,0.9998092993731843
1.2062031015507753,1.0028698827638138
1.2199099549774886,0.9999870543033843
1.233616808404202,1.0007059507273501
1.2473236618309154,1.0010328746524795
1.2610305152576287,1.0030783028477832
1.274737368684342,0.9971136763063292
1.2884442221110555,0.9980028602856922
1.3021510755377688,0.9977488254481746
1.315857928964482,1.0022462671341512
1.3295647823911956,0.9985530743254986
1.3432716358179089,1.0017299503824686
1.3569784892446222,0.9996593210223099
1.3706853426713355,1.000023551854826
1.384392196098049,1.0018601909297244
1.3980990495247623,1.000425986790169
1.4118059029514756,0.9989268857485251
1.4255127563781889,0.9996497136542128
1.4392196098049024,0.9985469045177893
1.4529264632316157,1.0008297325960673
1.466633316658329,1.0010373257095329
1.4803401700850425,1.0002649662443455
1.4940470235117558,1.0004157662279025
1.507753876938469,1.0013380350032455
1.5214607303651824,1.0002925400571467
1.5351675837918959,1.0023844856390347
1.5488744372186092,1.000090290806266
1.5625812906453225,0.9998572713537083
1.5762881440720358,1.0016305757918549
1.5899949974987493,0.9986636528139484
1.6037018509254626,0.9980701403801999
1.6174087043521759,1.0006966887580047
1.6311155577788894,1.000335688242707
1.6448224112056027,0.9998279404911672
1.658529264632316,0.9981741446511162
1.6722361180590293,1.0019102720288855
1.6859429714857428,1.000990309376818
1.699649824912456,1.000198912693039
1.7133566783391694,0.9988206352819872
1.7270635317658827,1.0018771449759223
1.7407703851925962,1.00261487593533
1.7544772386193095,1.0004819340144941
1.7681840920460228,1.00044431404045
1.7818909454727363,0.9984687916694146
1.7955977988994496,1.0009252261082373
1.8093046523261629,1.0000735702772923
1.8230115057528762,1.0026267647136962
1.8367183591795897,0.999220195709996
1.850425212606303,0.9979604802317579
1.8641320660330163,1.0021645195345366
1.8778389194597296,0.9994386057501526
1.891545772886443,0.9985755310268064
1.9052526263131564,0.9995919900206873
1.9189594797398697,0.999885869054722
1.9326663331665832,0.9988089707134409
1.9463731865932965,1.0001970364105939
1.9600800400200098,1.0007717945225065
1.973786893446723,1.0009003497206543
1.9874937468734366,0.9985739197284599
2.00120060030015,1.0026923668748575
2.014907453726863,1.003283281657068
2.0286143071535765,0.997875139416688
2.04232116058029,1.0003264262277685
2.0560280140070035,1.0013200898258476
2.069734867433717,1.0009724002469036
2.08344172086043,0.9983931599433051
2.0971485742871434,0.9989573062473148
2.1108554277138567,1.001962260121067
2.12456228114057,0.9994970199258476
2.1382691345672833,1.003029342298566
2.1519759879939966,1.0030439085873937
2.1656828414207103,0.9997090030392528
2.1793896948474236,1.0010371758506909
2.193096548274137,1.0021782110114381
2.20680340170085,1.0009125441739315
2.2205102551275635,1.000933426081008
2.234217108554277,1.0006314220662351
2.24792396198099,0.9970162735493979
2.261630815407704,1.0009578079352364
2.275337668834417,1.0023492746829479
2.2890445222611304,1.0006959744657757
2.3027513756878437,1.0007228734044153
2.316458229114557,1.0003579789423391
2.3301650825412703,1.0000659538952605
2.3438719359679836,1.000324426107937
2.3575787893946973,1.001889563986771
2.3712856428214106,1.0049028881295587
2.384992496248124,0.9984650228276423
2.3986993496748372,0.9991648996265798
2.4124062031015505,1.0006585055784953
2.426113056528264,1.0007725611060494
2.439819909954977,0.9998505277335684
2.4535267633816904,1.0006543419941172
2.467233616808404,0.9985061339512956
2.4809404702351174,1.0006935594209112
2.4946473236618307,1.0010131880844966
2.508354177088544,1.0021635537784201
2.5220610305152573,1.000360377767776
2.5357678839419706,1.0017156805205651
2.549474737368684,1.0016063267277733
2.5631815907953976,0.9968924483240519
2.576888444222111,1.0020606524351428
2.5905952976488242,1.0012740862267235
2.6043021510755375,1.000574355588978
2.618009004502251,0.9995149351041355
2.631715857928964,1.0022264482434362
2.6454227113556774,1.000777597677931
2.659129564782391,1.0004896177555695
2.6728364182091044,1.000498641399979
2.6865432716358177,1.002206714085738
2.700250125062531,0.9938263369501985
2.7139569784892443,1.0016476374274246
2.7276638319159576,1.0010636419673917
2.741370685342671,1.000229976759855
2.755077538769384,1.000122574622611
2.768784392196098,1.0012338606382618
2.7824912456228112,0.999515646670643
2.7961980990495245,0.9987262823645849
2.809904952476238,0.9996500243683321
2.823611805902951,1.002561652055902
2.8373186593296644,0.9982016442879401
2.8510255127563777,1.0007095080178514
2.8647323661830915,0.9998994102658979
2.8784392196098048,0.9984606058929222
2.892146073036518,1.0010166923432324
2.9058529264632313,1.0005561386733095
2.9195597798899446,1.0013480240058372
2.933266633316658,1.0006365004072644
2.9469734867433712,1.0006424939016636
2.960680340170085,0.9986671810771478
2.9743871935967983,0.9990521545271753
2.9880940470235116,1.0015169410037255
3.001800900450225,1.0008532700564021
3.015507753876938,0.9986446438948691
3.0292146073036514,1.0027602697732514
3.0429214607303647,0.998466579729528
3.056628314157078,0.9858800134082049
3.0703351675837918,1.0017894481230698
3.084042021010505,1.0025595565796876
3.0977488744372184,1.0004316283517956
3.1114557278639317,0.9999899116038317
3.125162581290645,1.0016585935470437
3.1388694347173582,1.0017678252232471
3.1525762881440715,1.002328410964242
3.1662831415707853,0.999890302925954
3.1799899949974986,0.9993345000933481
3.193696848424212,1.0017002650503144
3.207403701850925,1.0048213642451822
3.2211105552776385,1.002218286731094
3.2348174087043517,0.9988961231985636
3.248524262131065,1.0026786463269193
3.262231115557779,1.0001550793845124
3.275937968984492,1.0014175049424563
3.2896448224112054,1.000635001657373
3.3033516758379187,0.9985826060371008
3.317058529264632,0.996959704055436
3.3307653826913453,1.000752435700483
3.3444722361180586,0.9993880732264293
3.358179089544772,1.0001510785305137
3.3718859429714856,0.9982341255906787
3.385592796398199,1.0017124506266886
3.399299649824912,1.0005811869851313
3.4130065032516255,1.000924240037233
3.4267133566783388,0.9999968922716649
3.440420210105052,1.0015173726222377
3.4541270635317654,1.0008295468463975
3.467833916958479,0.9921000517056796
3.4815407703851924,0.9991820268754658
3.4952476238119057,1.00056138237448
3.508954477238619,0.9982944500650084
3.5226613306653323,0.9987824729393022
3.5363681840920456,0.9991712615239253
3.550075037518759,1.0000239526189338
3.5637818909454726,0.9980659205833249
3.577488744372186,1.0003546453556003
3.591195597798899,1.0003512742293006
3.6049024512256125,0.9992944613829827
3.6186093046523258,1.0005224718277639
3.632316158079039,1.002734230073599
3.6460230115057524,1.0017932955640547
3.659729864932466,0.9999745223948451
3.6734367183591794,0.9993648018201423
3.6871435717858927,0.99862366263111
3.700850425212606,1.0003445700897058
3.7145572786393193,0.9998325134636542
3.7282641320660326,1.003180886507819
3.741970985492746,0.9992548235115677
3.755677838919459,1.000099250425823
3.769384692346173,0.9996141782498368
3.783091545772886,0.9982485061182249
3.7967983991995995,0.9968825071571077
3.810505252626313,1.0020959027963883
3.824212106053026,1.0015913687095526
3.8379189594797394,1.0004587512583138
3.8516258129064527,0.9999814385436115
3.8653326663331664,0.9998087517003734
3.8790395197598797,0.9992156037963318
3.892746373186593,0.9968466786410055
3.9064532266133063,0.9994926029193634
3.9201600800400196,1.0002106918091882
3.933866933466733,0.9972081105662409
3.947573786893446,1.0013389427135597
3.96128064032016,1.0001085169817159
3.974987493746873,1.0000026913800362
3.9886943471735865,1.0004189753614936
4.0024012006003,1.0002945788928976
4.016108054027013,1.0022662128640552
4.029814907453726,1.0002131496203381
4.04352176088044,0.9993632835351454
4.057228614307153,1.0006422806867714
4.070935467733866,1.000597622522653
4.08464232116058,1.0003656848062024
4.098349174587293,1.001406758160609
4.112056028014007,0.9984478754662499
4.12576288144072,0.9989594707231676
4.139469734867434,1.0020382575034734
4.153176588294147,1.002441205172047
4.16688344172086,0.9980155556047775
4.1805902951475735,0.9979786203396086
4.194297148574287,1.0013989862901598
4.208004002001,1.002309911269876
4.221710855427713,0.9990142525719856
4.235417708854427,0.9983356480362049
4.24912456228114,0.9996916542204776
4.262831415707853,0.9999565080906666
4.276538269134567,1.0047542642994007
4.29024512256128,0.9994223828649944
4.303951975987993,0.9988272212604931
4.317658829414707,0.999117635544241
4.331365682841421,1.0010502143210902
4.345072536268134,1.0004669011118574
4.358779389694847,0.9991596597772328
4.3724862431215605,1.0001523650853377
4.386193096548274,0.9977721455412057
4.399899949974987,0.9998141313864416
4.4136068034017,0.9987124057612865
4.427313656828414,0.9991731654048299
4.441020510255127,0.9994221759941584
4.45472736368184,1.0032436637910136
4.468434217108554,1.0010711102125964
4.482141070535267,1.0001466391755618
4.49584792396198,1.0006550948853923
4.5095547773886935,0.9964944880206318
4.523261630815408,0.9979039558001281
4.536968484242121,1.0012799853709462
4.550675337668834,0.9998941813154815
4.5643821910955475,0.9975682387628079
4.578089044522261,1.0000532250415757
4.591795897948974,1.0004494849852452
4.605502751375687,1.002362636856311
4.619209604802401,1.0011008151577019
4.632916458229114,1.0003631582702692
4.646623311655827,0.9983766432652098
4.660330165082541,0.9993898388797958
4.674037018509254,0.9994548947168894
4.687743871935967,0.9985905597754364
4.7014507253626805,1.0010671770378736
4.715157578789395,0.9995784403219423
4.728864432216108,0.9998118447130112
4.742571285642821,1.00132541469966
4.756278139069535,0.9995102682491269
4.769984992496248,0.9995611613764226
4.783691845922961,0.9998406747318765
4.7973986993496744,1.0007210025420343
4.811105552776388,1.0000023922457708
4.824812406203101,1.000781687825876
4.838519259629814,1.0007856691879422
4.852226113056528,0.9966513399340462
4.865932966483241,0.9992333493280783
4.879639819909954,0.9969072550097032
4.8933466733366675,0.9982479482774507
4.907053526763381,1.001712954953923
4.920760380190095,0.9964260024827559
4.934467233616808,1.0013086637785966
4.948174087043522,0.9977887243795248
4.961880940470235,1.0018760921044763
4.975587793896948,1.00079514574149
4.9892946473236615,0.9980902871571831
5.003001500750375,0.9986884936501687
5.016708354177088,1.0007668281015845
5.030415207603801,0.9983029706426072
5.044122061030515,1.0015125769164768
5.057828914457228,1.000070776469335
5.071535767883941,1.002812415972917
5.0852426213106545,1.0003888873302607
5.098949474737368,0.9988335243961739
5.112656328164081,0.9987561637887605
5.126363181590795,1.000682932360842
5.140070035017509,0.9981074603087425
5.153776888444222,0.9995456092709866
5.167483741870935,0.9996574096509001
5.1811905952976485,1.0004005767084838
5.194897448724362,0.9989810715532254
5.208604302151075,1.0034122311345908
5.222311155577788,1.0002449016370636
5.236018009004502,1.0015357107349527
5.249724862431215,1.0008383831498495
5.263431715857928,0.9992617301944279
5.2771385692846415,0.9996120798905468
5.290845422711355,0.9982397798244453
5.304552276138068,0.9981881901586789
5.318259129564782,1.0002932002766272
5.331965982991496,0.9978005705392746
5.345672836418209,1.0004668207778917
5.359379689844922,1.0015383563988376
5.3730865432716355,1.000507404212504
5.386793396698349,1.0010848316406444
5.400500250125062,0.9994666118322383
5.414207103551775,1.0013707309585587
5.427913956978489,0.9980939944787602
5.441620810405202,0.9980405053734948
5.455327663831915,1.000344810753317
5.4690345172586285,0.9991089398937653
5.482741370685342,1.0036208796988115
5.496448224112055,1.001521672729158
5.510155077538768,1.0018671049347017
5.523861930965483,1.001082710985432
5.537568784392196,0.9997332108217304
5.551275637818909,1.0035652684875531
5.5649824912456225,1.0003073763005919
5.578689344672336,1.0011853218161646
5.592396198099049,1.0012005197602794
5.606103051525762,1.0010739442275058
5.619809904952476,0.9995540387653029
5.633516758379189,0.9994226023254615
5.647223611805902,0.9993569664570486
5.660930465232616,0.9975234291128282
5.674637318659329,1.0011821347332042
5.688344172086042,1.0012684193209884
5.7020510255127554,0.999444246185513
5.71575787893947,1.0015763325750402
5.729464732366183,1.0025538296198115
5.743171585792896,1.000952366166197
5.7568784392196095,0.9993739383802641
5.770585292646323,0.9990228652536406
5.784292146073036,1.000629834184145
5.797998999499749,1.0002796793747601
5.811705852926463,1.001601483471195
5.825412706353176,0.999690921138873
5.839119559779889,0.9981148797933853
5.852826413206603,1.0000375174634102
5.866533266633316,0.999578374852534
5.880240120060029,1.0005170510703536
5.8939469734867425,0.9974832550456166
5.907653826913456,0.9990417021261568
5.92136068034017,1.000003326502731
5.935067533766883,0.9974398507222535
5.9487743871935965,0.9977946403618768
5.96248124062031,0.9982374453049924
5.976188094047023,1.0004499846527128
5.989894947473736,1.0016535041808818
6.00360180090045,1.0019559112477627
6.017308654327163,1.0001444499750531
6.031015507753876,0.9977710373832702
6.04472236118059,1.0008339839042664
6.058429214607303,0.9994897065987652
6.072136068034016,0.9996079749900766
6.0858429214607295,0.9976525930462279
6.099549774887443,1.0012937191425524
6.113256628314156,0.9994110635697414
6.12696348174087,1.0010166418301938
6.1406703351675835,0.998828495665719
6.154377188594297,1.0023666074132986
6.16808404202101,0.9978218011590156
6.181790895447723,0.9990630557569744
6.195497748874437,0.9980892796436339
6.20920460230115,1.0006361613473902
6.222911455727863,1.0016200633212
6.236618309154577,0.9996741826870839
6.25032516258129,1.000366766789869
6.264032016008003,0.9985767772005386
6.2777388694347165,0.999941484770718
6.29144572286143,1.001370230042474
6.305152576288143,0.9991063508398239
6.318859429714857,0.9986891217684396
6.3325662831415706,0.9977038028238643
6.346273136568284,0.9989139249116333
6.359979989994997,0.9971598752547438
6.37368684342171,1.0006950359645794
6.387393696848424,0.9988973736777167
6.401100550275137,1.0019635483919946
6.41480740370185,1.002282324161666
6.428514257128564,0.9989741186453223
6.442221110555277,0.9998915445888857
6.45592796398199,0.9989351455105144
6.4696348174087035,1.0003975135304852
6.483341670835417,0.9990764306678583
6.49704852426213,1.0011919543858012
6.510755377688843,1.0004419504366462
6.524462231115558,1.0004484446100654
6.538169084542271,0.9975281536515102
6.551875937968984,0.9979115849698255
6.5655827913956974,0.999255114623933
6.579289644822411,0.9946353130066292
6.592996498249124,0.9997026120161676
6.606703351675837,0.9987637462407418
6.620410205102551,1.0016993681081947
6.634117058529264,1.0014339959117098
6.647823911955977,1.0026521003327316
6.6615307653826905,1.0010014604641926
6.675237618809404,1.0020572842055133
6.688944472236117,1.00058584868696
6.70265132566283,0.9992842161627349
6.716358179089544,0.9991896037161716
6.730065032516258,0.9994355563604576
6.743771885942971,1.0023825744291575
6.7574787393696845,0.9987373348471386
6.771185592796398,1.0032840610412088
6.784892446223111,1.0010051452884385
6.798599299649824,1.0005643506825042
6.812306153076538,0.9982149091636521
6.826013006503251,0.9988771861725272
6.839719859929964,0.999940849385475
6.8534267133566775,1.0019205845077208
6.867133566783391,0.9998963822244776
6.880840420210104,0.9985186214437375
6.894547273636817,1.0027045967174373
6.908254127063531,0.9998721149706203
6.921960980490245,1.0010225665337267
6.935667833916958,1.000804340278482
6.9493746873436715,1.003276382173212
6.963081540770385,1.0014906151142327
6.976788394197098,0.9995435493196316
6.990495247623811,1.0010701637781465
7.004202101050525,1.0006781671062368
7.017908954477238,1.0006985103672044
7.031615807903951,0.9993379523417171
7.0453226613306645,0.9971851947504287
7.059029514757378,0.999415441063471
7.072736368184091,0.9979440884049016
7.086443221610804,1.0014746726346067
7.100150075037518,0.9995762265568451
7.113856928464231,1.000328221102139
7.127563781890945,0.9996312293937328
7.1412706353176585,0.9999150760368581
7.154977488744372,1.000939434360317
7.168684342171085,1.003612387938801
7.182391195597798,0.9994042788781119
7.196098049024512,1.002199650189796
7.209804902451225,0.9982132104457196
7.223511755877938,1.0006192120262607
7.2372186093046516,0.9980632677349882
7.250925462731365,1.0000273965861566
7.264632316158078,0.9978225882493615
7.278339169584791,0.9986157728274536
7.292046023011505,1.0006745727614732
7.305752876438218,0.9989977645566386
7.319459729864932,0.9981613181073842
7.3331665832916455,1.0003973712353083
7.346873436718359,1.002212604169586
7.360580290145072,1.0005357338606515
7.374287143571785,1.0002096217938439
7.387993996998499,1.0014819886116586
7.401700850425212,1.0003290528376825
7.415407703851925,1.00084752361033
7.429114557278639,0.9981640952191475
7.442821410705352,0.9994850396445673
7.456528264132065,1.0003089735151862
7.4702351175587784,1.0027103111202322
7.483941970985492,0.9986192377808655
7.497648824412205,1.0014584729036895
7.511355677838918,0.9994478207534132
7.5250625312656325,1.0014480955161806
7.538769384692346,0.9992730700521307
7.552476238119059,1.0010497809880905
7.566183091545772,0.9997565243878738
7.579889944972486,1.0005205700172402
7.593596798399199,1.0002154913458319
7.607303651825912,1.0005105513892356
7.621010505252626,1.0000405165795907
7.634717358679339,1.000353555158361
7.648424212106052,0.9998891508380164
7.6621310655327655,1.0020226264704328
7.675837918959479,0.9979212500038653
7.689544772386192,0.9984725287626023
7.703251625812905,0.9966426051319297
7.716958479239619,0.99780078889102
7.730665332666333,0.9985473789676836
7.744372186093046,1.0025277802443555
7.758079039519759,0.9994969378140617
7.771785892946473,1.0023161647916643
7.785492746373186,1.0000186792843004
7.799199599799899,0.9989143138183013
7.812906453226613,0.9997229423705468
7.826613306653326,1.001011502906741
7.840320160080039,0.999643693640689
7.8540270135067525,1.001705278385909
7.867733866933466,0.9973904852268828
7.881440720360179,1.0005572963298663
7.895147573786892,0.9978502798217461
7.908854427213606,0.9992465171408741
7.92256128064032,1.0007362579485786
7.936268134067033,1.0009024010205516
7.949974987493746,1.00054771919556
7.96368184092046,1.002215726875516
7.977388694347173,0.9973376277936418
7.991095547773886,0.9861450364775052
8.0048024012006,0.9814812860809683
8.018509254627313,0.9805186842316047
8.032216108054026,0.9839808214498403
8.04592296148074,0.9787499557870944
8.059629814907453,0.9824572936086445
8.073336668334166,0.9821178622457263
8.08704352176088,0.9803439917315118
8.100750375187593,0.9801970408399108
8.114457228614306,0.9925873096006764
8.12816408204102,1.0011394159186342
8.141870935467733,0.9991197117824185
8.155577788894446,0.9984101517204171
8.16928464232116,0.9968468494745129
8.182991495747872,0.9987673705364255
8.196698349174586,1.0038550406507107
8.210405202601299,0.9991355401746734
8.224112056028014,0.9994052156414213
8.237818909454727,0.9995542707196815
8.25152576288144,1.000028972721228
8.265232616308154,0.9985169894911791
8.278939469734867,0.9987249492072445
8.29264632316158,0.9992608480311698
8.306353176588294,0.999214617782917
8.320060030015007,0.9992825880416228
8.33376688344172,0.9993978865693621
8.347473736868434,1.0013206333662985
8.361180590295147,0.9991189498710171
8.37488744372186,0.9986742591678089
8.388594297148574,0.998689579547141
8.402301150575287,1.0008495201116245
8.416008004002,0.9994664501384202
8.429714857428714,0.9995557799807088
8.443421710855427,0.9993125333960643
8.45712856428214,0.9993655502916512
8.470835417708853,0.9994177685819644
8.484542271135567,0.9983973360551828
8.49824912456228,0.9991108404268814
8.511955977988993,0.9994041375152013
8.525662831415707,1.000289358778539
8.53936968484242,0.9991054105605515
8.553076538269133,1.000588678640806
8.566783391695846,0.9987184692378961
8.58049024512256,0.9977727142164896
8.594197098549273,1.001683014946407
8.607903951975986,0.9982858898142521
8.6216108054027,0.9980220169479963
8.635317658829415,0.9980541745835164
8.649024512256128,1.001462910085713
8.662731365682841,1.0017963614165988
8.676438219109555,0.9991919336930577
8.690145072536268,0.9990713497745879
8.703851925962981,0.9993098908426138
8.717558779389694,1.0000084449046636
8.731265632816408,1.0007221107921185
8.744972486243121,1.0008628294838395
8.758679339669834,0.9986081640881816
8.772386193096548,0.9997607633860208
8.786093046523261,1.0016915723798192
8.799799899949974,1.0018473974699753
8.813506753376688,0.9989990278143731
8.8272136068034,0.9970196508324312
8.840920460230114,0.9986468111858416
8.854627313656827,1.0017918001431414
8.86833416708354,0.9989849491577913
8.882041020510254,1.0011298083803133
8.895747873936967,1.001600967025165
8.90945472736368,1.0024664070463052
8.923161580790394,0.9995110542058337
8.936868434217107,0.9995913825351228
8.95057528764382,0.9998143783960431
8.964282141070534,0.9996867818537318
8.977988994497247,0.9997415252433066
8.99169584792396,1.0006499577787837
9.005402701350674,0.9997521515269482
9.019109554777387,0.9998230211064565
9.032816408204102,0.9998389669372089
9.046523261630815,0.999706482588415
9.060230115057529,1.000031807528878
9.073936968484242,0.9994295951105502
9.087643821910955,1.0001429088457854
9.101350675337669,0.9992487175945745
9.115057528764382,1.001150464566596
9.128764382191095,1.0004022079187873
9.142471235617808,1.0001808817445124
9.156178089044522,1.0001088863599283
9.169884942471235,0.9993967904017198
9.183591795897948,0.9999514341346468
9.197298649324662,1.0053091308304347
9.211005502751375,1.0004053110365922
9.224712356178088,0.999603073813072
9.238419209604801,1.0032470969731857
9.252126063031515,0.9997652107131535
9.265832916458228,1.0011202235566892
9.279539769884941,0.9961832987508662
9.293246623311655,1.0004154344204506
9.306953476738368,0.9989088290714749
9.320660330165081,0.9985019941390897
9.334367183591795,0.9995647924865257
9.348074037018508,1.000703278238276
9.361780890445221,0.999930509211687
9.375487743871934,1.000408416285965
9.389194597298648,1.002426230055359
9.402901450725361,1.002866100267029
9.416608304152074,1.0036689768867926
9.43031515757879,1.0017475632214368
9.444022011005503,0.9992643515629245
9.457728864432216,0.9982279209719401
9.47143571785893,0.999039356218864
9.485142571285643,1.003662067885761
9.498849424712356,0.997571503493475
9.51255627813907,0.9995635697462699
9.526263131565782,1.0002940895054613
9.539969984992496,1.000135609016737
9.553676838419209,0.998496915969106
9.567383691845922,1.001304842417953
9.581090545272636,1.0006408152785764
9.594797398699349,0.9987209694335314
9.608504252126062,0.9993580319947488
9.622211105552775,1.0002109800452281
9.635917958979489,1.0015543283948023
9.649624812406202,0.9997873612530138
9.663331665832915,1.0012045425108915
9.677038519259629,1.000488196793044
9.690745372686342,1.001033983250777
9.704452226113055,1.0011180283897154
9.718159079539769,1.000181686439764
9.731865932966482,0.9993580314053347
9.745572786393195,0.996949309355773
9.759279639819908,1.0001716645743992
9.772986493246622,1.002350977689781
9.786693346673335,0.9996672411842059
9.800400200100048,1.0010004112899713
9.814107053526762,0.9998014730383048
9.827813906953477,1.0012775289286504
9.84152076038019,0.9986014444094593
9.855227613806903,0.9989014381548915
9.868934467233617,0.9968295562977596
9.88264132066033,0.9998364790150475
9.896348174087043,0.9977530055086156
9.910055027513756,1.0010275193964755
9.92376188094047,0.9998384116962252
9.937468734367183,0.9998437212697656
9.951175587793896,0.9999351477644152
9.96488244122061,1.000831985707134
9.978589294647323,0.9994552361697601
9.992296148074036,0.9990841662225954
10.00600300150075,1.0008554331801185
10.019709854927463,1.0009700139253794
10.033416708354176,1.000911959674772
10.04712356178089,1.001601464037612
10.060830415207603,1.0031824569504553
10.074537268634316,0.9994077000249494
10.08824412206103,1.0013170412757653
10.101950975487743,0.9993318987189793
10.115657828914456,0.9967961970892933
10.12936468234117,0.9998656021002672
10.143071535767882,0.9981912915678695
10.156778389194596,1.000805385855124
10.170485242621309,0.9993576714686321
10.184192096048022,1.0018074433791464
10.197898949474736,0.9994853951966952
10.211605802901449,1.0004595473767084
10.225312656328162,0.9987047450909722
10.239019509754877,0.9986351835310711
10.25272636318159,1.0003219780424661
10.266433216608304,1.0003141695296713
10.280140070035017,1.0016405529978132
10.29384692346173,0.99954365912176
10.307553776888444,1.000111409097009
10.321260630315157,1.0001145235388844
10.33496748374187,0.9979523806464461
10.348674337168584,1.0001667079374177
10.362381190595297,0.9989389679054657
10.37608804402201,0.998185308441538
10.389794897448724,0.9991493196964885
10.403501750875437,0.9963402309098602
10.41720860430215,1.0006832662111615
10.430915457728863,1.0010163479151661
10.444622311155577,1.0001492584218385
10.45832916458229,1.0010822987107313
10.472036018009003,1.0003308905244355
10.485742871435717,1.0010481092172794
10.49944972486243,0.9996657031296563
10.513156578289143,0.9981319419003163
10.526863431715856,1.0026793074799194
10.54057028514257,1.0005557021717693
10.554277138569283,0.9981163431974527
10.567983991995996,0.9985638778794514
10.58169084542271,0.9968965759295004
10.595397698849423,0.9990578072245991
10.609104552276136,1.0020226564682475
10.62281140570285,1.0018208781797437
10.636518259129565,1.0034246579134942
10.650225112556278,1.0026102458580024
10.663931965982991,0.9988608578638396
10.677638819409704,0.9997699345356621
10.691345672836418,1.0017339276596209
10.705052526263131,1.0015194424129497
10.718759379689844,0.9996245616330036
10.732466233116558,0.9987564484732778
10.746173086543271,0.9981615627426823
10.759879939969984,1.0012187950244968
10.773586793396698,0.9982063222280323
10.78729364682341,1.000952246147113
10.801000500250124,0.9993687733314174
10.814707353676837,1.0030084743153356
10.82841420710355,1.002018094108487
10.842121060530264,1.0004692636448096
10.855827913956977,0.9976940720734592
10.86953476738369,0.999423180968077
10.883241620810404,0.9990954276055385
10.896948474237117,1.0020889953884873
10.91065532766383,0.9997401612575755
10.924362181090544,1.001648234413448
10.938069034517257,1.000142398037574
10.95177588794397,0.9983370703404728
10.965482741370684,1.0002528522304768
10.979189594797397,1.001336244611647
10.99289644822411,1.0002580648064137
11.006603301650824,0.9972131294398541
11.020310155077537,0.9996131145305753
11.034017008504252,1.0011697393928063
11.047723861930965,1.0032893673381003
11.061430715357679,1.00239611454494
11.075137568784392,0.999638753508355
11.088844422211105,0.999039895794961
11.102551275637818,0.9991431269299633
11.116258129064532,0.9961060025248991
11.129964982491245,0.9999633631936885
11.143671835917958,0.9985335078947218
11.157378689344672,0.9998316425526992
11.171085542771385,0.9998018006453344
11.184792396198098,1.001123617336434
11.198499249624811,0.9993126980992676
11.212206103051525,1.0007673735043032
11.225912956478238,0.9981433389592623
11.239619809904951,1.0009663934716817
11.253326663331665,1.0014437988000344
11.267033516758378,1.0005701665732916
11.280740370185091,1.0007278359143288
11.294447223611805,0.9965039614984446
11.308154077038518,1.0007835748900755
11.321860930465231,1.0010214486343056
11.335567783891944,0.9980627672495587
11.349274637318658,1.0013803217930188
11.362981490745371,1.0004129223343283
11.376688344172084,1.0013760083169938
11.390395197598798,0.9996575007129261
11.404102051025511,1.001476198880448
11.417808904452224,1.0026422579802516
11.43151575787894,0.999573432862632
11.445222611305653,1.0009908170181125
11.458929464732366,1.00151961867431
11.47263631815908,1.0016442616541077
11.486343171585792,1.0026508141730508
11.500050025012506,1.0025243437966063
11.513756878439219,1.0011478919765013
11.527463731865932,0.9996432006614012
11.541170585292646,1.000902529038966
11.554877438719359,0.9998112169326981
11.568584292146072,0.9983674258821726
11.582291145572785,1.0019795899298238
11.595997998999499,1.0107278482359803
11.609704852426212,0.9991289004256332
11.623411705852925,0.9997556578477758
11.637118559279639,0.9991738361594288
11.650825412706352,0.9985601025710292
11.664532266133065,1.001943207569397
11.678239119559779,1.0029954664108383
11.691945972986492,0.9993347218074294
11.705652826413205,0.9993373543935314
11.719359679839918,1.0004150929040514
11.733066533266632,0.999629949901059
11.746773386693345,0.999599608152949
11.760480240120058,1.0026987304279702
11.774187093546772,0.999689166187417
11.787893946973485,1.000601015070591
11.801600800400198,0.9981177269710386
11.815307653826912,1.0014153153597412
11.829014507253625,0.9980228317251656
11.84272136068034,0.9967710408838449
11.856428214107053,0.9996247044602004
11.870135067533766,0.9994873107100919
11.88384192096048,0.9977680509316584
11.897548774387193,0.9981975014396758
11.911255627813906,1.0001784163716236
11.92496248124062,0.998880409429511
11.938669334667333,1.0000375750091774
11.952376188094046,0.9996917728321163
11.96608304152076,1.0008366748249786
11.979789894947473,0.9997011776393822
11.993496748374186,0.9995053407697507
12.0072036018009,0.9969916938308883
12.020910455227613,1.0000039493477355
12.034617308654326,0.9999958961485779
12.04832416208104,0.9986093183723056
12.062031015507753,1.0003836921612481
12.075737868934466,0.9996740903390889
12.08944472236118,0.9992727076079383
12.103151575787892,0.9966736397397266
12.116858429214606,0.9996802337179342
12.130565282641319,1.0007158576436779
12.144272136068032,1.002282862947435
12.157978989494746,0.9989949746498141
12.171685842921459,0.9988996260999813
12.185392696348172,0.9993426063183665
12.199099549774886,0.9997094323509494
12.212806403201599,1.000108909102239
12.226513256628312,0.9978057785961333
12.240220110055027,0.9991105545702406
12.25392696348174,0.9983433889853276
12.267633816908454,1.0026699084464838
12.281340670335167,0.9997660216890215
12.29504752376188,0.9984508351496171
12.308754377188594,1.0018579697126606
12.322461230615307,0.9993862525395806
12.33616808404202,1.0014485695681514
12.349874937468734,1.0029237806464344
12.363581790895447,1.000484985092747
12.37728864432216,0.9993130089674729
12.390995497748873,0.9991928964500578
12.404702351175587,0.9998217947731993
12.4184092046023,0.9997840588831585
12.432116058029013,0.9998258454911941
12.445822911455727,0.9981745721342925
12.45952976488244,1.001374240988025
12.473236618309153,0.9997740511264357
12.486943471735866,1.0025668859878067
12.50065032516258,1.0013538981219474
12.514357178589293,1.0028975518850443
12.528064032016006,1.000668625675248
12.54177088544272,1.001519853026767
12.555477738869433,1.0001224739536034
12.569184592296146,0.9999381384961847
12.58289144572286,1.001837127687217
12.596598299149573,0.9999236386949334
12.610305152576286,1.002128045676852
12.624012006003,0.9981464030768197
12.637718859429715,0.9995214337549666
12.651425712856428,0.999285311951962
12.665132566283141,0.9985318528896262
12.678839419709854,0.9968587870396193
12.692546273136568,1.000171443725208
12.706253126563281,0.9998619371036048
12.719959979989994,0.9998314466714292
12.733666833416708,1.0011874982468907
12.74737368684342,0.9996716957541574
12.761080540270134,0.9997286224666748
12.774787393696847,0.9994279022130251
12.78849424712356,1.0005934761521151
12.802201100550274,1.004695570887916
12.815907953976987,1.0022615270960862
12.8296148074037,0.9997073919581215
12.843321660830414,0.9982404587996588
12.857028514257127,1.0012641844675403
12.87073536768384,0.99874160477353
12.884442221110554,1.0006760884437407
12.898149074537267,1.0002876058029384
12.91185592796398,1.0010385051745814
12.925562781390694,0.9997776176952892
12.939269634817407,1.0025252629911874
12.95297648824412,0.9988543975104333
12.966683341670834,0.9995425992848006
12.980390195097547,0.9986976301568632
12.99409704852426,1.0003798218576037
13.007803901950973,1.001287257264076
13.021510755377687,0.9967809629296596
13.035217608804402,0.9998135173774123
13.048924462231115,0.9987414213417002
13.062631315657828,0.9986493387153669
13.076338169084542,0.9975040322410929
13.090045022511255,1.001889844943886
13.103751875937968,1.0006452112888178
13.117458729364682,0.9980537046353974
13.131165582791395,0.9993718785170854
13.144872436218108,1.0016160596266053
13.158579289644821,0.9978690157715013
13.172286143071535,0.9990332509066006
13.185992996498248,1.0007751038716726
13.199699849924961,0.9985340086008927
13.213406703351675,1.0014803214012462
13.227113556778388,1.0016122763895339
13.240820410205101,0.9992884016243276
13.254527263631815,0.9989534996185288
13.268234117058528,1.0005900678446895
13.281940970485241,0.9985690939862543
13.295647823911954,0.9977364357505151
13.309354677338668,0.9997312983117213
13.323061530765381,1.0018075587745572
13.336768384192094,1.000258788417541
13.350475237618808,0.9974534525150165
13.364182091045521,0.9980906176918127
13.377888944472234,0.9977543667296491
13.391595797898947,0.9982073974357963
13.40530265132566,0.9976589338080674
13.419009504752374,1.0022425243604667
13.432716358179087,0.9961552712110859
13.446423211605802,0.9992577962531297
13.460130065032516,0.9979483085702795
13.473836918459229,0.9998677638226272
13.487543771885942,1.0017557200455744
13.501250625312656,0.9973243989338432
13.514957478739369,0.9995879088476003
13.528664332166082,0.9994515197378355
13.542371185592796,0.9997628430072298
13.556078039019509,1.0001195949968238
13.569784892446222,0.9992651911396166
13.583491745872935,1.0000130020336544
13.597198599299649,0.9992259449978904
13.610905452726362,1.000990206317669
13.624612306153075,0.9988745588860911
13.638319159579789,1.0000206566925158
13.652026013006502,1.000463113571571
13.665732866433215,1.0011622264438313
13.679439719859928,0.9994753695010962
13.693146573286642,1.0010243528424774
13.706853426713355,1.0031739774640727
13.720560280140068,1.0042820828109655
13.734267133566782,0.9992147118554873
13.747973986993495,1.0009193527673093
13.761680840420208,0.9996420087396287
13.775387693846922,0.9992321652946984
13.789094547273635,0.9988302024388208
13.802801400700348,0.997936917821846
13.816508254127061,1.0010674855271844
13.830215107553775,1.0005465637628719
13.84392196098049,1.0007372966164216
13.857628814407203,1.0007117891206698
13.871335667833916,0.9993526269422024
13.88504252126063,0.9994415454629513
13.898749374687343,0.9992318405306726
13.912456228114056,0.9998157542362863
13.92616308154077,0.9999386273579094
13.939869934967483,1.0000732640559635
13.953576788394196,0.9979544957959986
13.96728364182091,0.9979833809405798
13.980990495247623,0.9972543401959276
13.994697348674336,1.0015968442242955
14.00840420210105,1.001593018428313
14.022111055527763,0.9973190201297474
14.035817908954476,0.9983723594585658
14.04952476238119,0.9983228447250831
14.063231615807902,1.002841612336605
14.076938469234616,0.998726408270924
14.090645322661329,1.001067916460042
14.104352176088042,1.0000798583624766
14.118059029514756,0.9992597783579447
14.131765882941469,1.0001058524180897
14.145472736368182,1.0001593192954905
14.159179589794896,0.9981054198938846
14.172886443221609,0.9980337061068553
14.186593296648322,1.0007228670236281
14.200300150075035,1.0013506334817874
14.214007003501749,1.0008670308171492
14.227713856928462,1.0010140467926476
14.241420710355177,0.9994126244665092
14.25512756378189,1.0025975198110597
14.268834417208604,0.999349615056718
14.282541270635317,0.9972872157883697
14.29624812406203,1.0015124941648381
14.309954977488744,1.0016063245633549
14.323661830915457,0.9999745062054681
14.33736868434217,0.9978928495238798
14.351075537768883,1.0027833056772955
14.364782391195597,1.0009396391520997
14.37848924462231,0.9999921119522694
14.392196098049023,0.9986372322968605
14.405902951475737,0.9990923242519045
14.41960980490245,0.9996330023887648
14.433316658329163,1.0005903497906377
14.447023511755877,1.0017553055643587
14.46073036518259,1.001587694033494
14.474437218609303,0.9999163761293948
14.488144072036016,1.0006426905643615
14.50185092546273,1.0005689247253082
14.515557778889443,0.9981654767315654
14.529264632316156,1.0012301790888811
14.54297148574287,0.9990950814025223
14.556678339169583,1.0004653247155493
14.570385192596296,0.999077201137907
14.58409204602301,0.9995518662289546
14.597798899449723,1.0012659277051743
14.611505752876436,0.9986783429876036
14.62521260630315,0.9981342055012589
14.638919459729864,1.0023090286103804
14.652626313156578,1.0003388939723536
14.666333166583291,0.9996302707981191
14.680040020010004,1.0015860968900634
14.693746873436718,0.9996627878052112
14.70745372686343,0.9990624845016686
14.721160580290144,0.9997074581416723
14.734867433716857,1.0006730045136507
14.74857428714357,0.9995785689428184
14.762281140570284,0.9969222900016504
14.775987993996997,1.0027756643888828
14.78969484742371,0.9974566248201912
14.803401700850424,0.9980791523796206
14.817108554277137,0.9991924241886814
14.83081540770385,1.0019964869282927
14.844522261130564,1.000359912691502
14.858229114557277,1.0015029373659712
14.87193596798399,0.9998687704864943
14.885642821410704,1.0007571999790976
14.899349674837417,1.0018667455119357
14.91305652826413,1.0002562589063257
14.926763381690844,0.9984568094673313
14.940470235117557,1.0033597077992558
14.95417708854427,1.0021972567823614
14.967883941970983,0.9997078025043982
14.981590795397697,0.9999975636630437
14.99529764882441,0.9982552090978715
15.009004502251123,0.9997742900595401
15.022711355677837,1.0021648218237043
15.03641820910455,1.0003440936477772
15.050125062531265,0.998059431431275
15.063831915957978,1.0007806483045847
15.077538769384692,1.000980515895344
15.091245622811405,0.9991567530020135
15.104952476238118,1.0020607098099703
15.118659329664832,0.999906129326854
15.132366183091545,0.999379377469524
15.146073036518258,1.0003165337868654
15.159779889944971,0.9981299885636252
15.173486743371685,1.0003748859103163
15.187193596798398,1.0004182009687115
15.200900450225111,1.0011327140304007
15.214607303651825,1.0000083555748274
15.228314157078538,0.9994216939066706
15.242021010505251,0.9966203457851964
15.255727863931964,0.9994535458384312
15.269434717358678,1.0017200322876394
15.283141570785391,0.9998284954886668
15.296848424212104,1.0003954165032574
15.310555277638818,0.9991731761913167
15.324262131065531,0.999007962450464
15.337968984492244,0.9989040839251333
15.351675837918958,1.000033170104839
15.36538269134567,0.9986952179204407
15.379089544772384,1.0014696500702158
15.392796398199097,0.9994420157848946
15.40650325162581,0.9995678875879902
15.420210105052524,1.0018753558335645
15.433916958479237,1.001477652477286
15.447623811905952,0.9972876211225653
15.461330665332666,0.9990149831223195
15.475037518759379,0.9999549853270643
15.488744372186092,1.0016519250822635
15.502451225612806,0.9996383361671427
15.516158079039519,0.9997829767491546
15.529864932466232,0.9990785163183478
15.543571785892945,1.001954863386618
15.557278639319659,1.0005577511327566
15.570985492746372,1.0012565856861975
15.584692346173085,0.9994127082949402
15.598399199599799,1.0015926524972736
15.612106053026512,0.9980219102785189
15.625812906453225,0.9971056435518028
15.639519759879938,0.9971316812391615
15.653226613306652,0.998445453932838
15.666933466733365,1.0020195360082997
15.680640320160078,0.9996303307364012
15.694347173586792,0.9990149591413799
15.708054027013505,1.0029916997585533
15.721760880440218,0.9960332451017541
15.735467733866932,0.9997544908142472
15.749174587293645,1.0009299391977324
15.762881440720358,1.0024910545173196
15.776588294147071,0.9991420194134464
15.790295147573785,1.0026339916645355
15.804002001000498,1.002004006385334
15.817708854427211,0.9977925007461013
15.831415707853925,0.996940867126064
15.84512256128064,0.9981393814053892
15.858829414707353,0.9997521158947776
15.872536268134066,1.0008052894967303
15.88624312156078,0.9995327275096114
15.899949974987493,0.9997050543406504
15.913656828414206,1.0016453608994749
15.92736368184092,0.9995307078589966
15.941070535267633,1.0007383549769762
15.954777388694346,0.9986482978472276
15.96848424212106,0.9985511636560193
15.982191095547773,1.0005358174112697
15.995897948974486,1.0009129330093243
16.0096048024012,0.9974820673994695
16.02331165582791,1.0006627453844126
16.037018509254626,1.001121908819906
16.05072536268134,0.9982220696854096
16.064432216108052,1.0006034251155822
16.078139069534767,0.9994785268153038
16.09184592296148,1.0007306792073787
16.105552776388194,0.9994424296475016
16.119259629814906,1.0020813319087771
16.13296648324162,1.0026510613958957
16.146673336668332,0.9983027560243308
16.160380190095047,0.9981877490524752
16.17408704352176,0.9967412024959406
16.187793896948474,0.9993153609955999
16.201500750375185,1.000300819353428
16.2152076038019,1.0007336352099383
16.228914457228612,0.9999731624023962
16.242621310655327,0.9983299107109352
16.25632816408204,0.9999655165414643
16.270035017508754,0.9988386291996981
16.283741870935465,1.0012714459032301
16.29744872436218,1.001015631855759
16.31115557778889,0.9989404235076119
16.324862431215607,1.0015398529038322
16.33856928464232,0.9999696303275356
16.352276138069033,1.0009364225564663
16.365982991495745,1.0011670194290152
16.37968984492246,1.0016185610953645
16.39339669834917,1.0007184545620922
16.407103551775887,1.0015803537628494
16.420810405202598,1.000654650933442
16.434517258629313,1.001538137103429
16.448224112056028,1.0012035525162286
16.46193096548274,1.0021189956033836
16.475637818909455,1.0002079333482676
16.489344672336166,1.001187946633791
16.50305152576288,1.000388455323682
16.516758379189593,1.0000310607024336
16.530465232616308,0.9996598831468747
16.54417208604302,0.9994764026821318
16.557878939469735,0.9989658069043427
16.571585792896446,1.000719272852573
16.58529264632316,0.9989993134509667
16.598999499749873,1.0003123338626316
16.612706353176588,0.9987260209770306
16.6264132066033,0.9988056451251849
16.640120060030014,0.9990810559054144
16.653826913456726,1.0032560038557192
16.66753376688344,0.9986892348685826
16.681240620310152,0.9996064990379643
16.694947473736867,0.9990451507574525
16.70865432716358,1.000314496397009
16.722361180590294,0.9990761241112971
16.736068034017006,1.0016225330586497
16.74977488744372,1.001966752142769
16.763481740870432,1.0000538009356412
16.777188594297147,0.9981601108303321
16.79089544772386,0.9994857313548344
16.804602301150574,0.9998786424654698
16.818309154577285,0.9982469478828153
16.832016008004,1.0037336945070179
16.845722861430716,1.0014439369108759
16.859429714857427,1.000744475511574
16.873136568284142,0.9992331116459559
16.886843421710854,0.9977378805023875
16.90055027513757,1.0022228933748256
16.91425712856428,1.0008085478177646
16.927963981990995,0.9984607125773509
16.941670835417707,0.9995191494395205
16.955377688844422,0.9994266291661362
16.969084542271133,1.0001383309770047
16.98279139569785,0.9977740541309109
16.99649824912456,1.0036524017678237
17.010205102551275,1.001039272898424
17.023911955977987,0.9988790377079241
17.0376188094047,1.0009283796520054
17.051325662831413,1.0003720111659908
17.06503251625813,0.9985649016603692
17.07873936968484,1.003024443632346
17.092446223111555,0.9970866016341755
17.106153076538266,0.9930333275708125
17.11985992996498,0.9822809941930238
17.133566783391693,0.9797999269472125
17.147273636818408,0.9809507269388784
17.16098049024512,0.9832163041564876
17.174687343671835,0.9827515604030312
17.188394197098546,0.9795182142663102
17.20210105052526,0.9827544595482659
17.215807903951973,0.9813646486902552
17.229514757378688,0.9867749705674074
17.2432216108054,0.997368561394558
17.256928464232114,0.9998151260327045
17.27063531765883,1.000424534113442
17.28434217108554,0.9989675083924098
17.298049024512256,0.9980273030076128
17.311755877938968,0.9998602015410852
17.325462731365683,0.9988847492815396
17.339169584792394,1.0016557142559042
17.35287643821911,1.0008273694233736
17.36658329164582,1.002188474682996
17.380290145072536,1.0015782434860152
17.393996998499247,0.9993663353034486
17.407703851925962,1.0000594670605099
17.421410705352674,1.0008731903606947
17.43511755877939,0.9989545380745355
17.4488244122061,1.001681186500332
17.462531265632816,0.9982405172131864
17.476238119059527,1.0011872205087613
17.489944972486242,1.000022629577749
17.503651825912954,1.0035102627765455
17.51735867933967,1.00073444371786
17.53106553276638,1.0026214042576969
17.544772386193095,0.9997377393572023
17.558479239619807,1.0007384719879309
17.572186093046522,1.0007313549625247
17.585892946473233,0.9995052646655648
17.59959979989995,1.0006798103764958
17.61330665332666,0.9997304057067588
17.627013506753375,0.9983932660702054
17.640720360180087,1.0001844075081263
17.6544272136068,1.000126813025422
17.668134067033517,0.9982805564306182
17.68184092046023,0.9997496745924488
17.695547773886943,0.9985151892366694
17.709254627313655,0.9979543209736219
17.72296148074037,1.002866511426061
17.73666833416708,0.9985455116443319
17.750375187593797,1.001978825824151
17.764082041020508,1.0033232594197445
17.777788894447223,1.000555211747882
17.791495747873935,1.0003562384365905
17.80520260130065,1.0036979190429642
17.81890945472736,0.9989749350209105
17.832616308154076,0.9973586339074898
17.846323161580788,1.0013258250812898
17.860030015007503,0.9985381701982189
17.873736868434214,0.9985250043232079
17.88744372186093,0.9993295190051938
17.90115057528764,0.9983232587621048
17.914857428714356,0.9986684848081091
17.928564282141068,0.9977209560521365
17.942271135567783,0.999464415354942
17.955977988994494,0.9996214550847002
17.96968484242121,1.0008007041601927
17.98339169584792,0.999314305878415
17.997098549274636,0.9992966637082135
18.010805402701347,0.9975710543455777
18.024512256128062,1.002559567847334
18.038219109554774,0.9990061729718264
18.05192596298149,0.9994880698533745
18.065632816408204,0.9987298539670463
18.079339669834916,1.0024534110760934
18.09304652326163,1.0014637402615614
18.106753376688342,1.000898615788833
18.120460230115057,0.9999882700763338
18.13416708354177,0.9985101426637188
18.147873936968484,0.999242049799293
18.161580790395195,0.998912498089369
18.17528764382191,1.0003277275963953
18.188994497248622,1.000396483289468
18.202701350675337,0.9986444127429641
18.21640820410205,0.9992562695562965
18.230115057528764,0.9990903905854194
18.243821910955475,0.9983165655814975
18.25752876438219,1.0011201035682693
18.2712356178089,1.0000517854301398
18.284942471235617,0.9989674924825066
18.29864932466233,1.0028928962824302
18.312356178089043,1.0000624328798169
18.326063031515755,1.0010904935398752
18.33976988494247,0.999639133036029
18.35347673836918,0.999314940854157
18.367183591795897,0.9990430059867026
18.380890445222608,1.0019127948653896
18.394597298649323,0.9993341376890772
18.408304152076035,0.9992957927316555
18.42201100550275,1.0006001338927055
18.43571785892946,0.9976507581550366
18.449424712356176,1.0006280641528806
18.46313156578289,0.9993298057708454
18.476838419209603,1.0005827276199784
18.490545272636318,0.998583925657115
18.50425212606303,1.002800828385445
18.517958979489745,0.9995866848241952
18.531665832916456,1.0011604272463854
18.54537268634317,0.9995078737915156
18.559079539769883,0.9974448343368019
18.572786393196598,0.9995184608321893
18.58649324662331,1.002354719970899
18.600200100050024,0.999918880206296
18.613906953476736,0.9996208127121942
18.62761380690345,0.9986003138420018
18.641320660330162,0.9991793921775342
18.655027513756878,1.000357622932055
18.66873436718359,1.0002275964587084
18.682441220610304,1.0006390155516545
18.696148074037016,1.0000430866062011
18.70985492746373,0.9972059192521182
18.723561780890442,1.0027545428439992
18.737268634317157,0.9995933249039662
18.75097548774387,1.0004165201110735
18.764682341170584,1.0017048907593302
18.778389194597295,1.0033978880553442
18.79209604802401,1.000348856790151
18.805802901450722,1.0022729130457395
18.819509754877437,1.0011634015352626
18.83321660830415,1.002118374873222
18.846923461730864,1.00072154635932
18.86063031515758,0.9965847170488106
18.87433716858429,0.999364031660018
18.888044022011005,0.9992091436415117
18.901750875437717,0.9994469359983825
18.915457728864432,1.000845157814225
18.929164582291143,0.9997076546830791
18.94287143571786,1.0009969417155478
18.95657828914457,0.9990392018929153
18.970285142571285,0.9994010181620901
18.983991995997997,1.0010118876902991
18.99769884942471,1.0005251828461839
19.011405702851423,1.001447811978421
19.02511255627814,0.9992870462681986
19.03881940970485,0.9983689095458835
19.052526263131565,0.9993380464133214
19.066233116558276,1.001478055255965
19.07993996998499,1.0016090713518246
19.093646823411703,1.0009988744674985
19.107353676838418,0.9990911083384302
19.12106053026513,0.9991216434353734
19.134767383691845,1.0024464387046625
19.148474237118556,0.9991228065684891
19.16218109054527,0.9985609475076882
19.175887943971983,1.0015928629126503
19.189594797398698,1.0012509326109325
19.20330165082541,1.0013334341245772
19.217008504252124,0.9998987285731812
19.230715357678836,0.9989177455811035
19.24442221110555,1.000024546262761
19.258129064532266,0.9990514849932417
19.271835917958978,1.000201387507647
19.285542771385693,0.9978891267461878
19.299249624812404,0.9984666731743539
19.31295647823912,1.0009782552373838
19.32666333166583,0.9996474833210246
19.340370185092546,1.000923536034359
19.354077038519257,1.0009419390495156
19.367783891945972,0.9976884728711284
19.381490745372684,1.000672340229468
19.3951975987994,1.0035849465622257
19.40890445222611,0.9974767315561642
19.422611305652826,0.9996732630653511
19.436318159079537,0.9986257054835852
19.450025012506252,1.001953493810679
19.463731865932964,1.0007246124819251
19.47743871935968,1.000591014430601
19.49114557278639,1.0025752894707545
19.504852426213105,1.000079177034056
19.518559279639817,1.0023152876792363
19.532266133066532,1.0005141823866042
19.545972986493243,0.9986627156827547
19.55967983991996,0.9994527146204188
19.57338669334667,1.0016898459164842
19.587093546773385,1.0002584300504371
19.600800400200097,0.99983351607643
19.61450725362681,1.0035816361941914
19.628214107053523,0.9999024358659974
19.64192096048024,1.0001310949314561
19.655627813906953,1.000709668578451
19.669334667333665,1.0003571508143987
19.68304152076038,0.9988080945090372
19.69674837418709,1.000087664285846
19.710455227613807,0.9987327136106275
19.724162081040518,1.0000675925537272
19.737868934467233,0.999033230740568
19.751575787893945,0.9962379506875719
19.76528264132066,1.0005018791381164
19.77898949474737,0.9989782273471168
19.792696348174086,1.0007088443977867
19.806403201600798,0.9970145689422489
19.820110055027513,1.0026869213690879
19.833816908454224,1.0001437998329517
19.84752376188094,1.001205708604067
19.86123061530765,0.9987165903522431
19.874937468734366,0.9987194637148411
19.888644322161078,0.9959544972724766
19.902351175587793,0.9977222750626363
19.916058029014504,0.9977932345027787
19.92976488244122,1.0006187772539592
19.94347173586793,1.0000813752669764
19.957178589294646,1.0014712474544667
19.970885442721357,1.001201127128724
19.984592296148072,1.0011094333528319
19.998299149574784,0.9985728877460582
20.0120060030015,0.9994313327163818
20.02571285642821,1.0010804746463497
20.039419709854926,0.9933728955141535
20.05312656328164,0.9997441598143504
20.066833416708352,0.9978213337669114
20.080540270135067,0.9979763448173185
20.09424712356178,1.002689275541029
20.107953976988494,0.9981521822260513
20.121660830415205,0.9986624056269151
20.13536768384192,1.0001689049979208
20.149074537268632,0.9978150854187873
20.162781390695347,1.000383468407854
20.17648824412206,0.997264712687788
20.190195097548774,0.9971526372738531
20.203901950975485,0.9997732350189351
20.2176088044022,1.001121169309301
20.23131565782891,0.9978232360846468
20.245022511255627,1.0011217439498037
20.25872936468234,1.001395827487584
20.272436218109053,1.0013311803933818
20.286143071535765,0.9995202876368999
20.29984992496248,1.001371908858729
20.31355677838919,1.0006141431311981
20.327263631815907,1.0017454296728163
20.340970485242618,0.9997448779313092
20.354677338669333,0.9995464495153679
20.368384192096045,0.9991190445161469
20.38209104552276,0.9997793802400696
20.39579789894947,1.001203786529647
20.409504752376186,0.9991592097461053
20.423211605802898,1.0003556144217336
20.436918459229613,1.001367229849261
20.450625312656324,0.99766814335108
20.46433216608304,0.9967660900389052
20.478039019509755,0.9997780794418931
20.491745872936466,0.9998662107250178
20.50545272636318,1.0014391809213443
20.519159579789893,0.998249999673482
20.532866433216608,1.000360744015828
20.54657328664332,0.9988498686067895
20.560280140070034,0.9995617110954003
20.573986993496746,0.9989186962524262
20.58769384692346,0.9999702647657311
20.601400700350172,0.999957014288114
20.615107553776888,1.0008596110179213
20.6288144072036,0.9997102387037339
20.642521260630314,1.0007498174138096
20.656228114057026,0.9990718139227919
20.66993496748374,1.00093293605921
20.683641820910452,1.0017829697049712
20.697348674337167,1.0006710069752183
20.71105552776388,0.9998037411533076
20.724762381190594,0.9998545893233648
20.738469234617305,1.000119709590759
20.75217608804402,1.000857369957198
20.765882941470732,0.9986822408155978
20.779589794897447,0.999029312483065
20.79329664832416,0.9973675158128454
20.807003501750874,0.9983373521191589
20.820710355177585,0.999868873342872
20.8344172086043,1.0003489828632177
20.84812406203101,0.9991911061035497
20.861830915457727,0.9988549485001639
20.875537768884442,0.9979937385891631
20.889244622311153,1.0009372250047943
20.90295147573787,1.0019638227577223
20.91665832916458,1.0005733051089254
20.930365182591295,0.9961340922588497
20.944072036018007,0.9988335394747927
20.95777888944472,0.9981333777041949
20.971485742871433,1.0017309323782162
20.98519259629815,1.0017392745238454
20.99889944972486,0.9993392759254499
21.012606303151575,0.9998739812385568
21.026313156578286,0.998824796633004
21.040020010005,0.9980454180821676
21.053726863431713,1.001843227716927
21.067433716858428,1.0008233442956098
21.08114057028514,1.0017934778154105
21.094847423711855,0.9988642663277959
21.108554277138566,0.9980479791339023
21.12226113056528,1.0001096109655259
21.135967983991993,1.0032868138853828
21.149674837418708,0.997152426933355
21.16338169084542,1.0001892904753675
21.177088544272134,1.0005845182227764
21.190795397698846,0.9996014821982676
21.20450225112556,1.0005823765518143
21.218209104552272,0.9998508652630479
21.231915957978988,0.999171704600717
21.2456228114057,0.9979935803530725
21.259329664832414,0.9987942192608312
21.27303651825913,1.0020504361999236
21.28674337168584,0.9994751973472377
21.300450225112556,1.0004956101038736
21.314157078539267,1.0017791753337633
21.327863931965982,0.9999732962346756
21.341570785392694,0.997837806133947
21.35527763881941,1.0014735251932205
21.36898449224612,1.0003399962717427
21.382691345672836,1.0004078203901485
21.396398199099547,1.0005408717605866
21.410105052526262,0.9997781399966444
21.423811905952974,1.0008928027265287
21.43751875937969,0.9975457807482765
21.4512256128064,1.0021327304912635
21.464932466233115,1.000039969754162
21.478639319659827,0.9999307670201687
21.492346173086542,1.0047623638399856
21.506053026513253,1.0010694260372943
21.51975987993997,0.9989477353149309
21.53346673336668,1.000582730592319
21.547173586793395,0.9998974294938738
21.560880440220107,1.0031131299433598
21.57458729364682,0.9970196038171433
21.588294147073533,0.9992369250538968
21.60200100050025,1.0020537734326092
21.61570785392696,1.0017491321190166
21.629414707353675,1.0002338520681184
21.643121560780386,0.9996032296658771
21.6568284142071,1.0003972613441205
21.670535267633817,0.99891076589094
21.684242121060528,0.9990439711093448
21.697948974487243,1.000301027091617
21.711655827913955,1.0007440923331394
21.72536268134067,1.000307626929764
21.73906953476738,0.9983758397895567
21.752776388194096,0.9988775955555325
21.766483241620808,0.9985688309887363
21.780190095047523,1.0002903756350894
21.793896948474234,0.9974211093649598
21.80760380190095,1.0016933685376392
21.82131065532766,0.9978864668645888
21.835017508754376,1.0003373274809495
21.848724362181088,1.0020911043209872
21.862431215607803,0.9999538706836694
21.876138069034514,0.9997896801274323
21.88984492246123,0.9996531489310019
21.90355177588794,0.9992143580567173
21.917258629314656,1.0008518634154329
21.930965482741367,1.0014010754264833
21.944672336168082,1.0015090548512637
21.958379189594794,1.0008281377116865
21.97208604302151,0.9991905776122307
21.98579289644822,0.9983913223286337
21.999499749874936,1.0018160421690996
22.013206603301647,1.0009662566629953
22.026913456728362,0.9987964492783017
22.040620310155074,0.9983677448924084
22.05432716358179,0.999230471391984
22.068034017008504,1.0002550009499436
22.081740870435215,0.9990426615135392
22.09544772386193,1.0014914192791282
22.109154577288642,0.9980432026813834
22.122861430715357,0.9987527700041063
22.13656828414207,1.0021516966903838
22.150275137568784,1.0025244584453359
22.163981990995495,1.0013326525576756
22.17768884442221,1.000498086065342
22.19139569784892,0.9990537826704406
22.205102551275637,0.999500950403698
22.21880940470235,1.0007655418226082
22.232516258129063,1.0006045007232491
22.246223111555775,0.9996452457074952
22.25992996498249,0.9991163435045319
22.2736368184092,1.0022196654427606
22.287343671835917,0.9984755906681625
22.301050525262628,0.9975867122032515
22.314757378689343,1.0013486953379565
22.328464232116055,1.0032018620102159
22.34217108554277,0.9985911153125884
22.35587793896948,1.0027373011927927
22.369584792396196,1.0005562163579562
22.383291645822908,1.0002229688739965
22.396998499249623,1.0000992834291569
22.410705352676334,1.000298796104791
22.42441220610305,0.9997640816053078
22.43811905952976,1.0008466300106442
22.451825912956476,1.0014518544773023
22.46553276638319,0.9998199179787026
22.479239619809903,0.9995142774918357
22.492946473236618,0.998544439979601
22.50665332666333,0.9983843604410465
22.520360180090044,0.9987332985821766
22.534067033516756,0.9998880323010609
22.54777388694347,0.9993218582659585
22.561480740370182,1.0010259177008471
22.575187593796898,1.0015592999582814
22.58889444722361,1.000339298732138
22.602601300650324,0.9984928287812352
22.616308154077036,0.999615428381001
22.63001500750375,0.9997986957186269
22.643721860930462,1.0008620717555639
22.657428714357177,0.9977903601801992
22.67113556778389,0.9994965917794612
22.684842421210604,1.0008626765330433
22.698549274637315,1.0016182754417167
22.71225612806403,1.0032187610830714
22.725962981490742,0.9996439778327215
22.739669834917457,0.9970836936940077
22.75337668834417,1.0036732077333044
22.767083541770884,1.0007995442223383
22.780790395197595,1.0008759572183021
22.79449724862431,0.9996350618803433
22.808204102051022,0.9999964744089197
22.821910955477737,0.998918305271224
22.83561780890445,0.999711540518236
22.849324662331163,0.9997106071268114
22.86303151575788,0.9979090282353271
22.87673836918459,1.0006226526244328
22.890445222611305,1.0029988225319384
22.904152076038017,0.9993143551617552
22.91785892946473,0.9995153258429298
22.931565782891443,1.0006049101455419
22.94527263631816,0.9981548888217002
22.95897948974487,1.0003165466102169
22.972686343171585,0.9987726527421668
22.986393196598296,1.0022327812994638
23.00010005002501,0.9987916731098021
23.013806903451723,1.0008234717789437
23.027513756878438,0.9988748752239125
23.04122061030515,1.0008837320652728
23.054927463731865,0.999456340867916
23.068634317158576,1.0017499007128097
23.08234117058529,0.9997316023463049
23.096048024012003,0.9972724711843
23.109754877438718,1.0008450715818453
23.12346173086543,1.002796932867384
23.137168584292144,1.000089621501381
23.150875437718856,1.0002194669571756
23.16458229114557,1.0005401431341618
23.178289144572283,0.9977510787920232
23.191995997998998,1.000211500767234
23.20570285142571,1.0007974432907918
23.219409704852424,0.9991953806521753
23.233116558279136,0.9981032946301823
23.24682341170585,0.9977535162199324
23.260530265132566,1.0016652601681728
23.274237118559277,0.9996293922901862
23.287943971985992,1.0020679195957578
23.301650825412704,1.0008869230836184
23.31535767883942,1.0018639996342993
23.32906453226613,1.0007845996934974
23.342771385692846,0.9982654339785353
23.356478239119557,0.999908730530835
23.370185092546272,1.0010576406193588
23.383891945972984,1.000076182164378
23.3975987993997,0.9979081063353468
23.41130565282641,0.9996682199502285
23.425012506253125,1.0020332650854393
23.438719359679837,0.9970727383851281
23.452426213106552,1.0034931965384082
23.466133066533263,1.0003661025629265
23.47983991995998,1.0009108740669364
23.49354677338669,1.0002601725983236
23.507253626813405,1.0002971747997298
23.520960480240117,1.0026514608563226
23.53466733366683,1.001192815768339
23.548374187093543,0.9992954553729333
23.56208104052026,0.9994473039455739
23.57578789394697,0.9993789742260484
23.589494747373685,0.9984368114290816
23.603201600800396,1.0016779450035407
23.61690845422711,1.000766504671132
23.630615307653823,1.0005087207877192
23.644322161080538,0.9966443948730939
23.65802901450725,1.0004997639858348
23.671735867933965,1.0038169073172314
23.68544272136068,1.0022046818650483
23.69914957478739,0.9987556398285329
23.712856428214106,1.0028653946777475
23.726563281640818,0.998395457613223
23.740270135067533,0.9986099464036775
23.753976988494244,1.0001167083856848
23.76768384192096,1.0011920801663048
23.78139069534767,1.0018952568329158
23.795097548774386,1.0001050108361924
23.808804402201098,1.0008392329258806
23.822511255627813,0.9991382061382672
23.836218109054524,1.0016080240108205
23.84992496248124,1.001813397030736
23.86363181590795,1.000175528591826
23.877338669334666,0.9994192634243082
23.891045522761377,0.9975835383288851
23.904752376188092,1.0011780827883525
23.918459229614804,1.0001769177729798
23.93216608304152,1.0014209347997987
23.94587293646823,0.9988450842972919
23.959579789894946,1.0009952456854125
23.973286643321657,1.0019923744931947
23.986993496748372,1.0027933182657056
24.000700350175084,0.9977706474282977
24.0144072036018,0.9992640650595327
24.02811405702851,1.0010377484345285
24.041820910455225,1.0001701264606404
24.055527763881937,1.0001377222515107
24.069234617308652,1.0021141465030226
24.082941470735367,0.9999628238359075
24.09664832416208,0.9960674584547577
24.110355177588794,1.000769669411136
24.124062031015505,1.0001811603829007
24.13776888444222,1.002655148680303
24.15147573786893,0.9993668757934243
24.165182591295647,1.0010665920404227
24.17888944472236,1.002469144256393
24.192596298149073,0.9995780215555388
24.206303151575785,0.9991043355185721
24.2200100050025,1.0000333945515225
24.23371685842921,1.0002533295494764
24.247423711855927,0.9995852262327884
24.261130565282638,0.9988648444035816
24.274837418709353,0.9992972985156006
24.288544272136065,0.9984901848210792
24.30225112556278,1.0029109328408612
24.31595797898949,0.9994691432779027
24.329664832416206,0.9983962175871186
24.343371685842918,1.0005577802655299
24.357078539269633,0.9987858115515437
24.370785392696344,1.0027901016646705
24.38449224612306,1.0002370041924298
24.39819909954977,0.9999752006362087
24.411905952976486,1.001667106759306
24.425612806403198,0.9991717228862658
24.439319659829913,1.0001138997079644
24.453026513256624,0.9997471899358679
24.46673336668334,1.0004862326508612
24.480440220110054,1.0003986033429548
24.494147073536766,1.0016139866581566
24.50785392696348,1.0003133626335927
24.521560780390192,0.9997224676288228
24.535267633816908,0.9985252981337301
24.54897448724362,0.9992156978948247
24.562681340670334,0.9987062151695523
24.576388194097046,0.9986453576855919
24.59009504752376,1.0012671013347065
24.603801900950472,0.9995444041177295
24.617508754377187,0.9991848279346653
24.6312156078039,0.9994167200035785
24.644922461230614,1.0006862456565477
24.658629314657325,0.9995724438196666
24.67233616808404,1.0018666729994459
24.686043021510752,0.9996834125689238
24.699749874937467,1.0004486647681823
24.71345672836418,0.9983826680137333
24.727163581790894,1.0002865821165077
24.740870435217605,1.0011239296994279
24.75457728864432,0.9982587069062706
24.768284142071032,1.0003642235463108
24.781990995497747,0.9988113467431553
24.79569784892446,1.001968178701365
24.809404702351173,1.0024228797498598
24.823111555777885,1.0035711094859692
24.8368184092046,1.0009013170028522
24.85052526263131,1.0008347841341854
24.864232116058027,1.0002334707912592
24.87793896948474,0.9988029820040498
24.891645822911453,0.9980581787293066
24.90535267633817,1.0023726443231513
24.91905952976488,0.9969894381465446
24.932766383191595,1.0027329099294766
24.946473236618306,0.9996593697363613
24.96018009004502,1.0005348345065823
24.973886943471733,1.0005003160750496
24.987593796898448,1.000074389819733
25.00130065032516,0.9984849789510172
25.015007503751875,1.000929782983599
25.028714357178586,1.002061461869889
25.0424212106053,1.0007877914413967
25.056128064032013,1.0014132656999408
25.069834917458728,1.0004158532216296
25.08354177088544,0.9994092939287336
25.097248624312154,1.0011689580115264
25.110955477738866,0.9983326460079229
25.12466233116558,1.0016907798323387
25.138369184592293,1.0010009603326069
25.152076038019008,0.9985018006504766
25.16578289144572,1.0004680979165013
25.179489744872434,0.9994102454711232
25.193196598299146,0.9997419046655807
25.20690345172586,1.0001843134596669
25.220610305152572,0.9993259269337292
25.234317158579287,1.0001631423527495
25.248024012006,0.9994652815650164
25.261730865432714,1.0019338783996905
25.27543771885943,1.0003532194881983
25.28914457228614,1.00006926329341
25.302851425712856,1.0017274411107397
25.316558279139567,1.001918850901565
25.330265132566282,1.001378339139668
25.343971985992994,0.9968607728260127
25.35767883941971,1.0014277204012858
25.37138569284642,0.9996257480523671
25.385092546273135,0.9992029156733035
25.398799399699847,0.9999110539307997
25.412506253126562,0.9995936097350856
25.426213106553273,1.0004438500861899
25.43991995997999,0.9983268459311825
25.4536268134067,0.9985752516948035
25.467333666833415,1.0023201409980618
25.481040520260127,1.0026688923687026
25.49474737368684,0.998168271741572
25.508454227113553,1.0008171354012612
25.52216108054027,0.9987848804662712
25.53586793396698,0.998644447852774
25.549574787393695,0.9996472410019359
25.563281640820406,0.9981131090741178
25.57698849424712,1.0026421520257613
25.590695347673833,0.9949868807027046
25.604402201100548,1.000329911060457
25.61810905452726,1.0022368250767657
25.631815907953975,0.9993338203994707
25.645522761380686,0.9994870257985446
25.6592296148074,1.0013214580879375
25.672936468234116,1.000725286567484
25.686643321660828,1.0010645325996512
25.700350175087543,1.0022594523405592
25.714057028514254,1.0019867740180903
25.72776388194097,0.99854689238348
25.74147073536768,1.0014975490548228
25.755177588794396,1.0001135532113943
25.768884442221108,0.9984215821970055
25.782591295647823,0.9984226937341273
25.796298149074534,1.0004395927326875
25.81000500250125,0.998673725287802
25.82371185592796,1.0020758950606174
25.837418709354676,0.9998041639253034
25.851125562781387,1.0020198810658019
25.864832416208102,1.0012426421719072
25.878539269634814,1.002541082485655
25.89224612306153,1.0007979194593009
25.90595297648824,0.9972691338894127
25.919659829914956,0.9990342103376061
25.933366683341667,0.9998463558253337
25.947073536768382,1.0000266793075414
25.960780390195094,0.9970677342520778
25.97448724362181,0.9997581603424472
25.98819409704852,0.9994888504548435
26.001900950475235,0.99906599185226
26.015607803901947,0.9980546891833154
26.029314657328662,0.9990202442467874
26.043021510755374,1.0013369182391352
26.05672836418209,0.9995661839913925
26.070435217608804,1.0038809552341972
26.084142071035515,1.001505903651029
26.09784892446223,0.999988513885068
26.11155577788894,0.9984944143484303
26.125262631315657,0.9975385048383617
26.13896948474237,1.000861482263835
26.152676338169083,1.0006075712901572
26.166383191595795,1.0008582456023705
26.18009004502251,0.9989781885954423
26.19379689844922,1.0025151921644633
26.207503751875937,1.001107894176849
26.221210605302648,1.0010871091769986
26.234917458729363,0.9843373106186226
26.248624312156075,0.9809851861800402
26.26233116558279,0.9815415645458199
26.2760380190095,0.9829467145417017
26.289744872436216,0.980697107452218
26.303451725862928,0.9826774838923856
26.317158579289643,0.9788985388975925
26.330865432716354,0.9806371829199543
26.34457228614307,0.9703437810782808
26.35827913956978,0.989668195436806
26.371985992996496,1.0003324333774297
26.385692846423208,1.000304541028633
26.399399699849923,0.9984249394396935
26.413106553276634,1.0024685824014206
26.42681340670335,1.0003336863819803
26.44052026013006,1.002187962531827
26.454227113556776,1.0000159011432759
26.46793396698349,1.0002087502179635
26.481640820410203,0.9997909778203495
26.495347673836918,0.9985191879540589
26.50905452726363,0.9985708515685214
26.522761380690344,1.0021718389912357
26.536468234117056,0.998930682710001
26.55017508754377,0.9985792223175305
26.563881940970482,1.001428694170147
26.577588794397197,0.9973223088300562
26.59129564782391,0.9997508918590289
26.605002501250624,0.9962585087157316
26.618709354677335,0.9992088414435633
26.63241620810405,0.9981841887393579
26.646123061530762,1.0016126680985933
26.659829914957477,0.9999921159306215
26.67353676838419,1.0002946431136217
26.687243621810904,0.9986642808422702
26.700950475237615,1.0023967725169387
26.71465732866433,0.9981364400377077
26.728364182091042,1.0019491391968316
26.742071035517757,0.9989296301263054
26.75577788894447,0.9995323180377881
26.769484742371183,0.9993206050647867
26.783191595797895,0.9969796512454684
26.79689844922461,0.9981477934788815
26.81060530265132,1.0006664739733704
26.824312156078037,0.9977329533454807
26.838019009504748,1.0002616092547345
26.851725862931463,1.0009118389474119
26.865432716358175,0.9993465555349146
26.87913956978489,0.9987288875226398
26.892846423211605,0.9992162301105098
26.906553276638316,1.0006399278253106
26.92026013006503,1.0006904714901956
26.933966983491743,0.9979189191808298
26.947673836918458,0.9980126418723904
26.96138069034517,0.9994084461622518
26.975087543771885,1.0021007224584744
26.988794397198596,1.00103765497215
27.00250125062531,0.9985995899448056
27.016208104052023,1.000744079660402
27.029914957478738,0.9996579819413085
27.04362181090545,1.0000344030264743
27.057328664332164,1.0018977969266727
27.071035517758876,0.9981284018159907
27.08474237118559,1.0012765589901351
27.098449224612303,1.001909761372931
27.112156078039018,0.9975064587259165
27.12586293146573,0.9975849185425419
27.139569784892444,1.0046880949887438
27.153276638319156,1.0001295757108344
27.16698349174587,0.9999186348464937
27.180690345172582,1.0001584394043563
27.194397198599297,0.9966625337819303
27.20810405202601,0.9989374961438245
27.221810905452724,0.9997286838869678
27.235517758879435,1.0007703852469063
27.24922461230615,1.000504776705726
27.262931465732862,0.9997762152749412
27.276638319159577,1.0000676386554748
27.290345172586292,0.999600055450101
27.304052026013004,0.9996152204104267
27.31775887943972,0.997943538939853
27.33146573286643,0.9989484300912971
27.345172586293145,1.0011972432986302
27.358879439719857,1.0006692572319498
27.372586293146572,1.0010722804823022
27.386293146573284,1.0010918136268887
27.4,1.0008447027072924
